    Step      Temp    E_pair  E_mol    TotEng     Press
     0.0  2.500000  0.000000    0.0  3.749062  0.024994
   100.0  2.500406 -0.001027    0.0  3.748644  0.024977
   200.0  2.524450 -0.038766    0.0  3.746963  0.025397
   300.0  2.531778 -0.050252    0.0  3.746466  0.025198
   400.0  2.527223 -0.043622    0.0  3.746264  0.025567
   500.0  2.529548 -0.047264    0.0  3.746109  0.025325
   600.0  2.531162 -0.049689    0.0  3.746105  0.025433
   700.0  2.531822 -0.050687    0.0  3.746097  0.025398
   800.0  2.537262 -0.058984    0.0  3.745958  0.025450
   900.0  2.535664 -0.056527    0.0  3.746018  0.025434
  1000.0  2.537425 -0.059174    0.0  3.746012  0.025232
  1100.0  2.534844 -0.055418    0.0  3.745897  0.025299
  1200.0  2.532770 -0.052334    0.0  3.745870  0.025450
  1300.0  2.534469 -0.054821    0.0  3.745932  0.025268
  1400.0  2.537459 -0.059286    0.0  3.745951  0.025286
  1500.0  2.533608 -0.053423    0.0  3.746039  0.025310
  1600.0  2.533284 -0.052955    0.0  3.746021  0.025171
  1700.0  2.532730 -0.052092    0.0  3.746053  0.025156
  1800.0  2.536209 -0.057417    0.0  3.745945  0.025569
  1900.0  2.538561 -0.061081    0.0  3.745808  0.025313
  2000.0  2.536670 -0.058202    0.0  3.745851  0.025223
  2100.0  2.534347 -0.054692    0.0  3.745879  0.025144
  2200.0  2.534907 -0.055537    0.0  3.745873  0.025151
  2300.0  2.532494 -0.051930    0.0  3.745862  0.025502
  2400.0  2.538686 -0.061187    0.0  3.745890  0.025307
  2500.0  2.538362 -0.060745    0.0  3.745846  0.025267
  2600.0  2.537588 -0.059523    0.0  3.745907  0.025149
  2700.0  2.535668 -0.056680    0.0  3.745871  0.025279
  2800.0  2.537233 -0.059032    0.0  3.745866  0.025303
  2900.0  2.535787 -0.056772    0.0  3.745957  0.025295
  3000.0  2.535356 -0.056057    0.0  3.746026  0.025155
  3100.0  2.534099 -0.054258    0.0  3.745941  0.025515
  3200.0  2.533539 -0.053399    0.0  3.745959  0.025311
  3300.0  2.534854 -0.055317    0.0  3.746013  0.025256
  3400.0  2.536398 -0.057763    0.0  3.745883  0.025341
  3500.0  2.533209 -0.052956    0.0  3.745907  0.025394
  3600.0  2.536493 -0.057756    0.0  3.746032  0.025203
  3700.0  2.536611 -0.057940    0.0  3.746025  0.025224
  3800.0  2.530991 -0.049510    0.0  3.746028  0.025656
  3900.0  2.536960 -0.058591    0.0  3.745898  0.025226
  4000.0  2.537097 -0.058813    0.0  3.745882  0.025323
  4100.0  2.536887 -0.058485    0.0  3.745894  0.025120
  4200.0  2.537279 -0.059113    0.0  3.745854  0.025375
  4300.0  2.533581 -0.053363    0.0  3.746059  0.025271
  4400.0  2.536612 -0.057985    0.0  3.745982  0.025135
  4500.0  2.535773 -0.056841    0.0  3.745867  0.025442
  4600.0  2.537971 -0.060067    0.0  3.745937  0.025314
  4700.0  2.535301 -0.056076    0.0  3.745925  0.025321
  4800.0  2.534991 -0.055493    0.0  3.746042  0.025474
  4900.0  2.535575 -0.056401    0.0  3.746010  0.025291
  5000.0  2.533780 -0.053709    0.0  3.746011  0.025435
  5100.0  2.532217 -0.051364    0.0  3.746012  0.025312
  5200.0  2.534313 -0.054500    0.0  3.746019  0.025357
  5300.0  2.537463 -0.059289    0.0  3.745954  0.025361
  5400.0  2.540201 -0.063401    0.0  3.745947  0.025079
  5500.0  2.536040 -0.057115    0.0  3.745995  0.025194
  5600.0  2.537133 -0.058752    0.0  3.745997  0.025174
  5700.0  2.540071 -0.063232    0.0  3.745922  0.025330
  5800.0  2.539720 -0.062650    0.0  3.745977  0.025371
  5900.0  2.534063 -0.054265    0.0  3.745878  0.025482
  6000.0  2.538150 -0.060369    0.0  3.745904  0.025175
  6100.0  2.538556 -0.060981    0.0  3.745900  0.025239
  6200.0  2.537599 -0.059494    0.0  3.745954  0.024987
  6300.0  2.536144 -0.057352    0.0  3.745912  0.025395
  6400.0  2.537202 -0.058975    0.0  3.745876  0.025407
  6500.0  2.535834 -0.056864    0.0  3.745937  0.025359
  6600.0  2.534915 -0.055544    0.0  3.745877  0.025272
  6700.0  2.536606 -0.058024    0.0  3.745933  0.025197
  6800.0  2.537157 -0.058849    0.0  3.745935  0.025267
  6900.0  2.543097 -0.067844    0.0  3.745847  0.025088
  7000.0  2.538009 -0.060251    0.0  3.745811  0.025268
  7100.0  2.536794 -0.058420    0.0  3.745820  0.025379
  7200.0  2.537318 -0.059196    0.0  3.745829  0.025485
  7300.0  2.538410 -0.060875    0.0  3.745788  0.025317
  7400.0  2.538291 -0.060706    0.0  3.745779  0.025305
  7500.0  2.539943 -0.063148    0.0  3.745815  0.025119
  7600.0  2.537033 -0.058695    0.0  3.745903  0.024977
  7700.0  2.536117 -0.057236    0.0  3.745988  0.025306
  7800.0  2.533848 -0.053825    0.0  3.745997  0.025318
  7900.0  2.536111 -0.057263    0.0  3.745953  0.025366
  8000.0  2.536946 -0.058544    0.0  3.745923  0.025182
  8100.0  2.537502 -0.059420    0.0  3.745881  0.025271
  8200.0  2.538276 -0.060667    0.0  3.745795  0.025226
  8300.0  2.535785 -0.056865    0.0  3.745861  0.025241
  8400.0  2.531440 -0.050285    0.0  3.745925  0.025537
  8500.0  2.538274 -0.060540    0.0  3.745919  0.025347
  8600.0  2.534977 -0.055653    0.0  3.745862  0.025610
  8700.0  2.536456 -0.057875    0.0  3.745858  0.025133
  8800.0  2.534471 -0.054920    0.0  3.745835  0.025782
  8900.0  2.535460 -0.056339    0.0  3.745900  0.025274
  9000.0  2.537946 -0.060066    0.0  3.745900  0.025286
  9100.0  2.535907 -0.056977    0.0  3.745932  0.025284
  9200.0  2.537933 -0.059968    0.0  3.745980  0.024985
  9300.0  2.537405 -0.059200    0.0  3.745956  0.025148
  9400.0  2.539144 -0.061803    0.0  3.745960  0.025426
  9500.0  2.538169 -0.060336    0.0  3.745965  0.025179
  9600.0  2.539047 -0.061592    0.0  3.746027  0.025228
  9700.0  2.539100 -0.061805    0.0  3.745893  0.025203
  9800.0  2.534104 -0.054386    0.0  3.745819  0.025417
  9900.0  2.535275 -0.056064    0.0  3.745897  0.025402
 10000.0  2.535563 -0.056587    0.0  3.745805  0.025317
 10100.0  2.539981 -0.063140    0.0  3.745880  0.025321
 10200.0  2.534499 -0.054964    0.0  3.745834  0.025073
 10300.0  2.536501 -0.057873    0.0  3.745927  0.025260
 10400.0  2.535660 -0.056657    0.0  3.745882  0.025257
 10500.0  2.537784 -0.059864    0.0  3.745861  0.025391
 10600.0  2.538263 -0.060528    0.0  3.745914  0.025178
 10700.0  2.533997 -0.054058    0.0  3.745987  0.025328
 10800.0  2.534856 -0.055327    0.0  3.746006  0.025243
 10900.0  2.538313 -0.060575    0.0  3.745943  0.025555
 11000.0  2.536881 -0.058445    0.0  3.745925  0.025361
 11100.0  2.535453 -0.056148    0.0  3.746081  0.025300
 11200.0  2.531690 -0.050502    0.0  3.746084  0.025238
 11300.0  2.536544 -0.057827    0.0  3.746037  0.025140
 11400.0  2.533832 -0.053811    0.0  3.745987  0.025214
 11500.0  2.540121 -0.063225    0.0  3.746005  0.025068
 11600.0  2.539442 -0.062212    0.0  3.745999  0.024864
 11700.0  2.539310 -0.062026    0.0  3.745986  0.024999
 11800.0  2.537369 -0.059228    0.0  3.745874  0.025396
 11900.0  2.541544 -0.065476    0.0  3.745887  0.025146
 12000.0  2.537243 -0.059070    0.0  3.745844  0.025349
 12100.0  2.537428 -0.059292    0.0  3.745899  0.025354
 12200.0  2.539324 -0.062126    0.0  3.745908  0.025154
 12300.0  2.537301 -0.059068    0.0  3.745932  0.024966
 12400.0  2.533859 -0.053806    0.0  3.746032  0.025510
 12500.0  2.536885 -0.058403    0.0  3.745974  0.025330
 12600.0  2.536379 -0.057598    0.0  3.746019  0.025161
 12700.0  2.536190 -0.057385    0.0  3.745949  0.025177
 12800.0  2.535747 -0.056834    0.0  3.745836  0.025369
 12900.0  2.538724 -0.061158    0.0  3.745977  0.025118
 13000.0  2.534100 -0.054239    0.0  3.745961  0.025364
 13100.0  2.537528 -0.059334    0.0  3.746006  0.025133
 13200.0  2.532888 -0.052380    0.0  3.746002  0.025482
 13300.0  2.537296 -0.059003    0.0  3.745991  0.025357
 13400.0  2.537057 -0.058709    0.0  3.745924  0.025134
 13500.0  2.538171 -0.060360    0.0  3.745945  0.025204
 13600.0  2.537369 -0.059146    0.0  3.745957  0.025188
 13700.0  2.537115 -0.058778    0.0  3.745943  0.025361
 13800.0  2.538355 -0.060763    0.0  3.745817  0.025208
 13900.0  2.541555 -0.065538    0.0  3.745842  0.025160
 14000.0  2.536527 -0.058028    0.0  3.745812  0.025331
 14100.0  2.541015 -0.064613    0.0  3.745957  0.025082
 14200.0  2.540505 -0.063933    0.0  3.745871  0.025072
 14300.0  2.536938 -0.058570    0.0  3.745886  0.025388
 14400.0  2.539375 -0.062291    0.0  3.745819  0.025362
 14500.0  2.536221 -0.057545    0.0  3.745836  0.025041
 14600.0  2.537025 -0.058608    0.0  3.745978  0.025179
 14700.0  2.539166 -0.061894    0.0  3.745903  0.025163
 14800.0  2.542230 -0.066631    0.0  3.745761  0.025176
 14900.0  2.541000 -0.064702    0.0  3.745846  0.025199
 15000.0  2.538369 -0.060809    0.0  3.745793  0.025324
 15100.0  2.537943 -0.060073    0.0  3.745891  0.025212
 15200.0  2.533762 -0.053609    0.0  3.746083  0.025488
 15300.0  2.536480 -0.057863    0.0  3.745905  0.025283
 15400.0  2.535892 -0.056992    0.0  3.745895  0.025478
 15500.0  2.535193 -0.055879    0.0  3.745959  0.025428
 15600.0  2.539910 -0.062989    0.0  3.745923  0.025139
 15700.0  2.536132 -0.057252    0.0  3.745996  0.025159
 15800.0  2.534773 -0.055180    0.0  3.746029  0.025409
 15900.0  2.536008 -0.057075    0.0  3.745987  0.025026
 16000.0  2.534372 -0.054622    0.0  3.745985  0.025466
 16100.0  2.540461 -0.063764    0.0  3.745975  0.025012
 16200.0  2.535584 -0.056473    0.0  3.745953  0.025433
 16300.0  2.537920 -0.060011    0.0  3.745918  0.025356
 16400.0  2.536008 -0.057248    0.0  3.745813  0.025574
 16500.0  2.539617 -0.062480    0.0  3.745993  0.025183
 16600.0  2.537818 -0.059824    0.0  3.745952  0.025077
 16700.0  2.539971 -0.063070    0.0  3.745934  0.025260
 16800.0  2.539064 -0.061742    0.0  3.745901  0.025299
 16900.0  2.534395 -0.054731    0.0  3.745911  0.025634
 17000.0  2.537038 -0.058585    0.0  3.746021  0.025355
 17100.0  2.538828 -0.061348    0.0  3.745941  0.025252
 17200.0  2.538009 -0.060207    0.0  3.745855  0.025175
 17300.0  2.540735 -0.064322    0.0  3.745827  0.025305
 17400.0  2.543277 -0.068091    0.0  3.745870  0.025028
 17500.0  2.535614 -0.056500    0.0  3.745969  0.025441
 17600.0  2.536898 -0.058491    0.0  3.745905  0.025131
 17700.0  2.536660 -0.058119    0.0  3.745920  0.025061
 17800.0  2.537521 -0.059343    0.0  3.745987  0.025276
 17900.0  2.536585 -0.058088    0.0  3.745838  0.025310
 18000.0  2.534986 -0.055637    0.0  3.745891  0.025314
 18100.0  2.533686 -0.053747    0.0  3.745832  0.025382
 18200.0  2.534734 -0.055192    0.0  3.745958  0.025454
 18300.0  2.536633 -0.058005    0.0  3.745993  0.025072
 18400.0  2.537067 -0.058790    0.0  3.745860  0.025375
 18500.0  2.538190 -0.060424    0.0  3.745910  0.025154
 18600.0  2.536801 -0.058351    0.0  3.745899  0.025551
 18700.0  2.532815 -0.052378    0.0  3.745895  0.025362
 18800.0  2.534831 -0.055421    0.0  3.745875  0.025257
 18900.0  2.536789 -0.058327    0.0  3.745906  0.025383
 19000.0  2.540166 -0.063415    0.0  3.745882  0.025328
 19100.0  2.537408 -0.059267    0.0  3.745893  0.025159
 19200.0  2.538262 -0.060557    0.0  3.745885  0.025263
 19300.0  2.536828 -0.058440    0.0  3.745852  0.025680
 19400.0  2.536234 -0.057508    0.0  3.745892  0.025165
 19500.0  2.533136 -0.052871    0.0  3.745883  0.025552
 19600.0  2.536779 -0.058337    0.0  3.745880  0.025416
 19700.0  2.534718 -0.055207    0.0  3.745918  0.025280
 19800.0  2.537290 -0.059100    0.0  3.745883  0.025281
 19900.0  2.537590 -0.059531    0.0  3.745903  0.025288
 20000.0  2.538346 -0.060578    0.0  3.745990  0.025342