# 1: Bin number
# 2: r
# 3: g(r)
0	0.1	0
1	0.3	0
2	0.5	0
3	0.7	0
4	0.9	0
5	1.1	0.0983787
6	1.3	0.105738
7	1.5	0.0706309
8	1.7	0.130643
9	1.9	0.0991048
10	2.1	0.0766324
11	2.3	0.120268
12	2.5	0.143163
13	2.7	0.185487
14	2.9	0.300307
15	3.1	0.782254
16	3.3	0.765215
17	3.5	0.852384
18	3.7	0.91239
19	3.9	0.919308
20	4.1	0.958432
21	4.3	1.07576
22	4.5	1.05889
23	4.7	1.1508
24	4.9	1.12672
25	5.1	1.11504
26	5.3	1.09622
27	5.5	1.09686
28	5.7	1.06839
29	5.9	1.05205
30	6.1	1.02644
31	6.3	0.974837
32	6.5	0.949675
33	6.7	0.97005
34	6.9	0.933854
35	7.1	0.917898
36	7.3	0.916077
37	7.5	0.92269
38	7.7	0.95289
39	7.9	0.939043
40	8.1	0.97026
41	8.3	0.991349
42	8.5	0.973334
43	8.7	1.00033
44	8.9	1.04704
45	9.1	1.05101
46	9.3	1.08335
47	9.5	1.06753
48	9.7	1.05336
49	9.9	1.05487
50	10.1	1.03398
51	10.3	1.01316
52	10.5	1.0213
53	10.7	0.978443
54	10.9	0.989751
55	11.1	0.949401
56	11.3	0.967506
57	11.5	0.937607
58	11.7	0.973694
59	11.9	0.957256
60	12.1	0.975061
61	12.3	0.963861
62	12.5	0.986485
63	12.7	0.99883
64	12.9	0.995715
65	13.1	1.02351
66	13.3	1.02388
67	13.5	1.03645
68	13.7	1.03768
69	13.9	1.03357
70	14.1	1.02677
71	14.3	1.04544
72	14.5	1.01982
73	14.7	1.01592
74	14.9	1.00846
75	15.1	0.985673
76	15.3	0.972226
77	15.5	0.969656
78	15.7	0.959637
79	15.9	0.96673
80	16.1	0.96581
81	16.3	0.971307
82	16.5	0.984951
83	16.7	0.976124
84	16.9	0.995786
85	17.1	1.00291
86	17.3	1.01634
87	17.5	1.01832
88	17.7	1.02662
89	17.9	1.0264
90	18.1	1.02905
91	18.3	1.02848
92	18.5	1.04217
93	18.7	1.01647
94	18.9	1.01011
95	19.1	1.00919
96	19.3	0.981811
97	19.5	0.991544
98	19.7	0.984458
99	19.9	0.97346
