# 1: Bin number
# 2: r
# 3: g(r)
0	0.1	0
1	0.3	0
2	0.5	0
3	0.7	0
4	0.9	0
5	1.1	0
6	1.3	0
7	1.5	0
8	1.7	0
9	1.9	0
10	2.1	0
11	2.3	0
12	2.5	0
13	2.7	0
14	2.9	0
15	3.1	0
16	3.3	0
17	3.5	0
18	3.7	0
19	3.9	0
20	4.1	0
21	4.3	0
22	4.5	0
23	4.7	0
24	4.9	0
25	5.1	0
26	5.3	16.9957
27	5.5	0
28	5.7	0
29	5.9	0
30	6.1	0
31	6.3	0
32	6.5	0
33	6.7	0
34	6.9	0
35	7.1	0
36	7.3	4.47959
37	7.5	0
38	7.7	0
39	7.9	0
40	8.1	0
41	8.3	0
42	8.5	0
43	8.7	0
44	8.9	0
45	9.1	11.5311
46	9.3	0
47	9.5	0
48	9.7	0
49	9.9	0
50	10.1	0
51	10.3	0
52	10.5	4.33062
53	10.7	0
54	10.9	0
55	11.1	0
56	11.3	0
57	11.5	0
58	11.7	6.97572
59	11.9	0
60	12.1	0
61	12.3	0
62	12.5	0
63	12.7	1.97348
64	12.9	0
65	13.1	0
66	13.3	0
67	13.5	0
68	13.7	10.1754
69	13.9	0
70	14.1	0
71	14.3	0
72	14.5	0
73	14.7	1.10477
74	14.9	0
75	15.1	0
76	15.3	0
77	15.5	0
78	15.7	5.81109
79	15.9	0
80	16.1	0
81	16.3	0
82	16.5	3.5075
83	16.7	0
84	16.9	0
85	17.1	0
86	17.3	3.19061
87	17.5	0
88	17.7	0
89	17.9	0
90	18.1	2.91481
91	18.3	0
92	18.5	0
93	18.7	8.19229
94	18.9	0
95	19.1	0
96	19.3	0
97	19.5	0
98	19.7	0
99	19.9	0
