# 1: Bin number
# 2: r
# 3: g(r)
0	0.025	0
1	0.075	0
2	0.125	0
3	0.175	0
4	0.225	0
5	0.275	0
6	0.325	0
7	0.375	0
8	0.425	0
9	0.475	0
10	0.525	0
11	0.575	0
12	0.625	0
13	0.675	0
14	0.725	0
15	0.775	0
16	0.825	0
17	0.875	0
18	0.925	0.0557895
19	0.975	0.753231
20	1.025	2.4763
21	1.075	3.47685
22	1.125	3.76565
23	1.175	3.50967
24	1.225	2.98515
25	1.275	2.64796
26	1.325	2.46097
27	1.375	2.02854
28	1.425	1.94748
29	1.475	1.70797
30	1.525	1.57387
31	1.575	1.4178
32	1.625	1.52475
33	1.675	1.46629
34	1.725	1.42798
35	1.775	1.43959
36	1.825	1.3833
37	1.875	1.51422
38	1.925	1.3829
39	1.975	1.46065
40	2.025	1.53107
41	2.075	1.5358
42	2.125	1.55425
43	2.175	1.59632
44	2.225	1.5302
45	2.275	1.54056
46	2.325	1.4809
47	2.375	1.4051
48	2.425	1.35181
49	2.475	1.38089
50	2.525	1.37043
51	2.575	1.36333
52	2.625	1.32344
53	2.675	1.26664
54	2.725	1.29024
55	2.775	1.3134
56	2.825	1.38199
57	2.875	1.21785
58	2.925	1.26028
59	2.975	1.27851
60	3.025	1.25573
61	3.075	1.26067
62	3.125	1.28177
63	3.175	1.24961
64	3.225	1.22188
65	3.275	1.24124
66	3.325	1.25529
67	3.375	1.2072
68	3.425	1.19731
69	3.475	1.21912
70	3.525	1.22576
71	3.575	1.23032
72	3.625	1.17602
73	3.675	1.18667
74	3.725	1.16363
75	3.775	1.18215
76	3.825	1.16341
77	3.875	1.15584
78	3.925	1.15809
79	3.975	1.12712
80	4.025	1.12582
81	4.075	1.10746
82	4.125	1.16496
83	4.175	1.15001
84	4.225	1.15906
85	4.275	1.08203
86	4.325	1.11204
87	4.375	1.14913
88	4.425	1.13143
89	4.475	1.12934
90	4.525	1.08081
91	4.575	1.09533
92	4.625	1.05578
93	4.675	1.11306
94	4.725	1.10852
95	4.775	1.10532
96	4.825	1.10167
97	4.875	1.08656
98	4.925	1.05247
99	4.975	1.0491
