# Time-averaged data for fix 2
# TimeStep Number-of-rows
# Row c_myRDF[1] c_myRDF[2] c_myRDF[3]
1000 100
1 0.05175 0 0
2 0.15525 0 0
3 0.25875 0 0
4 0.36225 0 0
5 0.46575 0 0
6 0.56925 0 0
7 0.67275 0 0
8 0.77625 0 0
9 0.87975 0 0
10 0.98325 0 0
11 1.08675 0 0
12 1.19025 0 0
13 1.29375 0 0
14 1.39725 0 0
15 1.50075 0 0
16 1.60425 0 0
17 1.70775 0 0
18 1.81125 0 0
19 1.91475 0.00250123 0.000905333
20 2.01825 0.123367 0.050628
21 2.12175 0.683643 0.355331
22 2.22525 0.88649 0.789899
23 2.32875 0.635634 1.13104
24 2.43225 0.524766 1.43822
25 2.53575 0.570782 1.80139
26 2.63925 0.64722 2.24758
27 2.74275 0.69823 2.76743
28 2.84625 0.677699 3.31077
29 2.94975 0.622901 3.84708
30 3.05325 0.719992 4.51119
31 3.15675 1.06306 5.55957
32 3.26025 1.10544 6.72236
33 3.36375 1.11439 7.97012
34 3.46725 1.23107 9.43467
35 3.57075 1.30615 11.0827
36 3.67425 1.31388 12.838
37 3.77775 1.28653 14.6549
38 3.88125 1.24752 16.5146
39 3.98475 1.21246 18.4195
40 4.08825 1.18569 20.3805
41 4.19175 1.15291 22.3851
42 4.29525 1.11607 24.4226
43 4.39875 1.08093 26.4923
44 4.50225 1.04719 28.5928
45 4.60575 1.00926 30.7113
46 4.70925 0.992152 32.8885
47 4.81275 0.978926 35.1323
48 4.91625 0.971541 37.4558
49 5.01975 0.967344 39.8678
50 5.12325 0.970189 42.3878
51 5.22675 0.970524 45.0115
52 5.33025 0.964882 47.7242
53 5.43375 0.952897 50.5082
54 5.53725 0.942433 53.3675
55 5.64075 0.930736 56.2979
56 5.74425 0.919889 59.3013
57 5.84775 0.917957 62.4076
58 5.95125 0.921418 65.637
59 6.05475 0.920862 68.9776
60 6.15825 0.931017 72.4716
61 6.26175 0.942488 76.1285
62 6.36525 0.955305 79.9585
63 6.46875 0.968644 83.9694
64 6.57225 0.983485 88.1732
65 6.67575 1.00116 92.5884
66 6.77925 1.00939 97.1789
67 6.88275 1.02159 101.968
68 6.98625 1.02803 106.933
69 7.08975 1.04095 112.11
70 7.19325 1.04787 117.475
71 7.29675 1.04801 122.997
72 7.40025 1.04934 128.683
73 7.50375 1.05018 134.534
74 7.60725 1.04885 140.54
75 7.71075 1.05008 146.718
76 7.81425 1.04449 153.029
77 7.91775 1.03809 159.468
78 8.02125 1.02852 166.016
79 8.12475 1.02416 172.706
80 8.22825 1.01834 179.528
81 8.33175 1.01281 186.485
82 8.43525 1.00538 193.563
83 8.53875 0.995435 200.745
84 8.64225 0.987161 208.04
85 8.74575 0.979202 215.452
86 8.84925 0.97228 222.986
87 8.95275 0.965807 230.646
88 9.05625 0.963661 238.467
89 9.15975 0.960066 246.438
90 9.26325 0.961031 254.598
91 9.36675 0.965387 262.979
92 9.47025 0.967023 271.561
93 9.57375 0.9678 280.339
94 9.67725 0.970998 289.337
95 9.78075 0.977817 298.594
96 9.88425 0.983732 308.104
97 9.98775 0.987254 317.849
98 10.0913 0.995285 327.878
99 10.1948 1.00342 338.198
100 10.2982 1.0101 348.798
