# Chunk-averaged data for fix velProf and group norm
# Timestep Number-of-chunks Total-count
# Chunk Coord1 Ncount vx
80000 4000 1606
  1 0.00419971 0 0
  2 0.0125991 0 0
  3 0.0209985 0 0
  4 0.0293979 0 0
  5 0.0377974 0 0
  6 0.0461968 0 0
  7 0.0545962 0 0
  8 0.0629956 0 0
  9 0.071395 0 0
  10 0.0797944 0 0
  11 0.0881938 0 0
  12 0.0965932 0 0
  13 0.104993 0 0
  14 0.113392 0 0
  15 0.121791 0 0
  16 0.130191 0 0
  17 0.13859 0 0
  18 0.14699 0 0
  19 0.155389 0 0
  20 0.163789 0 0
  21 0.172188 0 0
  22 0.180587 0 0
  23 0.188987 0 0
  24 0.197386 0 0
  25 0.205786 0 0
  26 0.214185 0 0
  27 0.222584 0 0
  28 0.230984 0 0
  29 0.239383 0 0
  30 0.247783 0 0
  31 0.256182 0 0
  32 0.264581 0 0
  33 0.272981 0 0
  34 0.28138 0 0
  35 0.28978 0 0
  36 0.298179 0 0
  37 0.306579 0 0
  38 0.314978 0 0
  39 0.323377 0 0
  40 0.331777 0 0
  41 0.340176 0 0
  42 0.348576 0 0
  43 0.356975 0 0
  44 0.365374 0 0
  45 0.373774 0 0
  46 0.382173 0 0
  47 0.390573 0 0
  48 0.398972 0 0
  49 0.407372 0 0
  50 0.415771 0 0
  51 0.42417 0 0
  52 0.43257 0 0
  53 0.440969 0 0
  54 0.449369 0 0
  55 0.457768 0 0
  56 0.466167 0 0
  57 0.474567 0 0
  58 0.482966 0 0
  59 0.491366 0 0
  60 0.499765 0 0
  61 0.508164 0 0
  62 0.516564 0 0
  63 0.524963 0 0
  64 0.533363 0 0
  65 0.541762 0 0
  66 0.550162 0 0
  67 0.558561 0 0
  68 0.56696 0 0
  69 0.57536 0 0
  70 0.583759 0 0
  71 0.592159 0 0
  72 0.600558 0 0
  73 0.608957 0 0
  74 0.617357 0 0
  75 0.625756 0 0
  76 0.634156 0 0
  77 0.642555 0 0
  78 0.650954 0 0
  79 0.659354 0 0
  80 0.667753 0 0
  81 0.676153 0 0
  82 0.684552 0 0
  83 0.692952 0 0
  84 0.701351 0 0
  85 0.70975 0 0
  86 0.71815 0 0
  87 0.726549 0 0
  88 0.734949 0 0
  89 0.743348 0 0
  90 0.751747 0 0
  91 0.760147 0 0
  92 0.768546 0 0
  93 0.776946 0 0
  94 0.785345 0 0
  95 0.793744 0 0
  96 0.802144 0 0
  97 0.810543 0 0
  98 0.818943 0 0
  99 0.827342 0 0
  100 0.835742 0 0
  101 0.844141 0 0
  102 0.85254 0 0
  103 0.86094 0 0
  104 0.869339 0 0
  105 0.877739 0 0
  106 0.886138 0 0
  107 0.894537 0 0
  108 0.902937 0 0
  109 0.911336 0 0
  110 0.919736 0 0
  111 0.928135 0 0
  112 0.936535 0 0
  113 0.944934 0 0
  114 0.953333 0 0
  115 0.961733 0 0
  116 0.970132 0 0
  117 0.978532 0 0
  118 0.986931 0 0
  119 0.99533 0 0
  120 1.00373 0 0
  121 1.01213 0 0
  122 1.02053 0 0
  123 1.02893 0 0
  124 1.03733 0 0
  125 1.04573 0 0
  126 1.05413 0 0
  127 1.06253 0 0
  128 1.07093 0 0
  129 1.07932 0 0
  130 1.08772 0 0
  131 1.09612 0 0
  132 1.10452 0 0
  133 1.11292 0 0
  134 1.12132 0 0
  135 1.12972 0 0
  136 1.13812 0 0
  137 1.14652 0 0
  138 1.15492 0 0
  139 1.16332 0 0
  140 1.17172 0 0
  141 1.18012 0 0
  142 1.18852 0 0
  143 1.19692 0 0
  144 1.20532 0 0
  145 1.21372 0 0
  146 1.22211 0 0
  147 1.23051 0 0
  148 1.23891 0 0
  149 1.24731 0 0
  150 1.25571 0 0
  151 1.26411 0 0
  152 1.27251 0 0
  153 1.28091 0 0
  154 1.28931 0 0
  155 1.29771 0 0
  156 1.30611 0 0
  157 1.31451 0 0
  158 1.32291 0 0
  159 1.33131 0 0
  160 1.33971 0 0
  161 1.34811 0 0
  162 1.35651 0 0
  163 1.3649 0 0
  164 1.3733 0 0
  165 1.3817 0 0
  166 1.3901 0 0
  167 1.3985 0 0
  168 1.4069 0 0
  169 1.4153 0 0
  170 1.4237 0 0
  171 1.4321 0 0
  172 1.4405 0 0
  173 1.4489 0 0
  174 1.4573 0 0
  175 1.4657 0 0
  176 1.4741 0 0
  177 1.4825 0 0
  178 1.4909 0 0
  179 1.4993 0 0
  180 1.50769 0 0
  181 1.51609 0 0
  182 1.52449 0 0
  183 1.53289 0 0
  184 1.54129 0 0
  185 1.54969 0 0
  186 1.55809 0 0
  187 1.56649 0 0
  188 1.57489 0 0
  189 1.58329 0 0
  190 1.59169 0 0
  191 1.60009 0 0
  192 1.60849 0 0
  193 1.61689 0 0
  194 1.62529 0 0
  195 1.63369 0 0
  196 1.64209 0 0
  197 1.65048 0 0
  198 1.65888 0 0
  199 1.66728 0 0
  200 1.67568 0 0
  201 1.68408 0 0
  202 1.69248 0 0
  203 1.70088 0 0
  204 1.70928 0 0
  205 1.71768 0 0
  206 1.72608 0 0
  207 1.73448 0 0
  208 1.74288 0 0
  209 1.75128 0 0
  210 1.75968 0 0
  211 1.76808 0 0
  212 1.77648 0 0
  213 1.78488 0 0
  214 1.79327 0 0
  215 1.80167 0 0
  216 1.81007 0 0
  217 1.81847 0 0
  218 1.82687 0 0
  219 1.83527 0 0
  220 1.84367 0 0
  221 1.85207 0 0
  222 1.86047 0 0
  223 1.86887 0 0
  224 1.87727 0 0
  225 1.88567 0 0
  226 1.89407 0 0
  227 1.90247 0 0
  228 1.91087 0 0
  229 1.91927 0 0
  230 1.92767 0 0
  231 1.93606 0 0
  232 1.94446 0 0
  233 1.95286 0 0
  234 1.96126 0 0
  235 1.96966 0 0
  236 1.97806 0 0
  237 1.98646 0 0
  238 1.99486 0 0
  239 2.00326 0 0
  240 2.01166 0 0
  241 2.02006 0 0
  242 2.02846 0 0
  243 2.03686 0 0
  244 2.04526 0 0
  245 2.05366 0 0
  246 2.06206 0 0
  247 2.07046 0 0
  248 2.07885 0 0
  249 2.08725 0 0
  250 2.09565 0 0
  251 2.10405 0 0
  252 2.11245 0 0
  253 2.12085 0 0
  254 2.12925 0 0
  255 2.13765 0 0
  256 2.14605 0 0
  257 2.15445 0 0
  258 2.16285 0 0
  259 2.17125 0 0
  260 2.17965 0 0
  261 2.18805 0 0
  262 2.19645 0 0
  263 2.20485 0 0
  264 2.21325 0 0
  265 2.22164 0 0
  266 2.23004 0 0
  267 2.23844 0 0
  268 2.24684 0 0
  269 2.25524 0 0
  270 2.26364 0 0
  271 2.27204 0 0
  272 2.28044 0 0
  273 2.28884 0 0
  274 2.29724 0 0
  275 2.30564 0 0
  276 2.31404 0 0
  277 2.32244 0 0
  278 2.33084 0 0
  279 2.33924 0 0
  280 2.34764 0 0
  281 2.35604 0 0
  282 2.36443 0 0
  283 2.37283 0 0
  284 2.38123 0 0
  285 2.38963 0 0
  286 2.39803 0 0
  287 2.40643 0 0
  288 2.41483 0 0
  289 2.42323 0 0
  290 2.43163 0 0
  291 2.44003 0 0
  292 2.44843 0 0
  293 2.45683 0 0
  294 2.46523 0 0
  295 2.47363 0 0
  296 2.48203 0 0
  297 2.49043 0 0
  298 2.49883 0 0
  299 2.50722 0 0
  300 2.51562 0 0
  301 2.52402 0 0
  302 2.53242 0 0
  303 2.54082 0 0
  304 2.54922 0 0
  305 2.55762 0 0
  306 2.56602 0 0
  307 2.57442 0 0
  308 2.58282 0 0
  309 2.59122 0 0
  310 2.59962 0 0
  311 2.60802 0 0
  312 2.61642 0 0
  313 2.62482 0 0
  314 2.63322 0 0
  315 2.64162 0 0
  316 2.65001 0 0
  317 2.65841 0 0
  318 2.66681 0 0
  319 2.67521 0 0
  320 2.68361 0 0
  321 2.69201 0 0
  322 2.70041 0 0
  323 2.70881 0 0
  324 2.71721 0 0
  325 2.72561 0 0
  326 2.73401 0 0
  327 2.74241 0 0
  328 2.75081 0 0
  329 2.75921 0 0
  330 2.76761 0 0
  331 2.77601 0 0
  332 2.78441 0 0
  333 2.7928 0 0
  334 2.8012 0 0
  335 2.8096 0 0
  336 2.818 0 0
  337 2.8264 0 0
  338 2.8348 0 0
  339 2.8432 0 0
  340 2.8516 0 0
  341 2.86 0 0
  342 2.8684 0 0
  343 2.8768 0 0
  344 2.8852 0 0
  345 2.8936 0 0
  346 2.902 0 0
  347 2.9104 0 0
  348 2.9188 0 0
  349 2.9272 0 0
  350 2.93559 0 0
  351 2.94399 0 0
  352 2.95239 0 0
  353 2.96079 0 0
  354 2.96919 0 0
  355 2.97759 0 0
  356 2.98599 0 0
  357 2.99439 0 0
  358 3.00279 0 0
  359 3.01119 0 0
  360 3.01959 0 0
  361 3.02799 0 0
  362 3.03639 0 0
  363 3.04479 0 0
  364 3.05319 0 0
  365 3.06159 0 0
  366 3.06999 0 0
  367 3.07838 0 0
  368 3.08678 0 0
  369 3.09518 0 0
  370 3.10358 0 0
  371 3.11198 0 0
  372 3.12038 0 0
  373 3.12878 0 0
  374 3.13718 0 0
  375 3.14558 0 0
  376 3.15398 0 0
  377 3.16238 0 0
  378 3.17078 0 0
  379 3.17918 0 0
  380 3.18758 0 0
  381 3.19598 0 0
  382 3.20438 0 0
  383 3.21278 0 0
  384 3.22117 0 0
  385 3.22957 0 0
  386 3.23797 0 0
  387 3.24637 0 0
  388 3.25477 0 0
  389 3.26317 0 0
  390 3.27157 0 0
  391 3.27997 0 0
  392 3.28837 0 0
  393 3.29677 0 0
  394 3.30517 0 0
  395 3.31357 0 0
  396 3.32197 0 0
  397 3.33037 0 0
  398 3.33877 0 0
  399 3.34717 0 0
  400 3.35557 0 0
  401 3.36396 0 0
  402 3.37236 0 0
  403 3.38076 0 0
  404 3.38916 0 0
  405 3.39756 0 0
  406 3.40596 0 0
  407 3.41436 0 0
  408 3.42276 0 0
  409 3.43116 0 0
  410 3.43956 0 0
  411 3.44796 0 0
  412 3.45636 0 0
  413 3.46476 0 0
  414 3.47316 0 0
  415 3.48156 0 0
  416 3.48996 0 0
  417 3.49836 0 0
  418 3.50675 0 0
  419 3.51515 0 0
  420 3.52355 0 0
  421 3.53195 0 0
  422 3.54035 0 0
  423 3.54875 0 0
  424 3.55715 0 0
  425 3.56555 0 0
  426 3.57395 0 0
  427 3.58235 0 0
  428 3.59075 0 0
  429 3.59915 0 0
  430 3.60755 0 0
  431 3.61595 0 0
  432 3.62435 0 0
  433 3.63275 0 0
  434 3.64115 0 0
  435 3.64954 0 0
  436 3.65794 0 0
  437 3.66634 0 0
  438 3.67474 0 0
  439 3.68314 0 0
  440 3.69154 0 0
  441 3.69994 0 0
  442 3.70834 0 0
  443 3.71674 0 0
  444 3.72514 0 0
  445 3.73354 0 0
  446 3.74194 0 0
  447 3.75034 0 0
  448 3.75874 0 0
  449 3.76714 0 0
  450 3.77554 0 0
  451 3.78394 0 0
  452 3.79233 0 0
  453 3.80073 0 0
  454 3.80913 0 0
  455 3.81753 0 0
  456 3.82593 0 0
  457 3.83433 0 0
  458 3.84273 0 0
  459 3.85113 0 0
  460 3.85953 0 0
  461 3.86793 0 0
  462 3.87633 0 0
  463 3.88473 0 0
  464 3.89313 0 0
  465 3.90153 0 0
  466 3.90993 0 0
  467 3.91833 0 0
  468 3.92673 0 0
  469 3.93512 0 0
  470 3.94352 0 0
  471 3.95192 0 0
  472 3.96032 0 0
  473 3.96872 0 0
  474 3.97712 0 0
  475 3.98552 0 0
  476 3.99392 0 0
  477 4.00232 0 0
  478 4.01072 0 0
  479 4.01912 0 0
  480 4.02752 0 0
  481 4.03592 0 0
  482 4.04432 0 0
  483 4.05272 0 0
  484 4.06112 0 0
  485 4.06952 0 0
  486 4.07791 0 0
  487 4.08631 0 0
  488 4.09471 0 0
  489 4.10311 0 0
  490 4.11151 0 0
  491 4.11991 0 0
  492 4.12831 0 0
  493 4.13671 0 0
  494 4.14511 0 0
  495 4.15351 0 0
  496 4.16191 0 0
  497 4.17031 0 0
  498 4.17871 0 0
  499 4.18711 0 0
  500 4.19551 0 0
  501 4.20391 0 0
  502 4.21231 0 0
  503 4.2207 0 0
  504 4.2291 0 0
  505 4.2375 0 0
  506 4.2459 0 0
  507 4.2543 0 0
  508 4.2627 0 0
  509 4.2711 0 0
  510 4.2795 0 0
  511 4.2879 0 0
  512 4.2963 0 0
  513 4.3047 0 0
  514 4.3131 0 0
  515 4.3215 0 0
  516 4.3299 0 0
  517 4.3383 0 0
  518 4.3467 0 0
  519 4.3551 0 0
  520 4.36349 0 0
  521 4.37189 0 0
  522 4.38029 0 0
  523 4.38869 0 0
  524 4.39709 0 0
  525 4.40549 0 0
  526 4.41389 0 0
  527 4.42229 0 0
  528 4.43069 0 0
  529 4.43909 0 0
  530 4.44749 0 0
  531 4.45589 0 0
  532 4.46429 0 0
  533 4.47269 0 0
  534 4.48109 0 0
  535 4.48949 0 0
  536 4.49789 0 0
  537 4.50628 0 0
  538 4.51468 0 0
  539 4.52308 0 0
  540 4.53148 0 0
  541 4.53988 0 0
  542 4.54828 0 0
  543 4.55668 0 0
  544 4.56508 0 0
  545 4.57348 0 0
  546 4.58188 0 0
  547 4.59028 0 0
  548 4.59868 0 0
  549 4.60708 0 0
  550 4.61548 0 0
  551 4.62388 0 0
  552 4.63228 0 0
  553 4.64068 0 0
  554 4.64907 0 0
  555 4.65747 0 0
  556 4.66587 0 0
  557 4.67427 0 0
  558 4.68267 0 0
  559 4.69107 0 0
  560 4.69947 0 0
  561 4.70787 0 0
  562 4.71627 0 0
  563 4.72467 0 0
  564 4.73307 0 0
  565 4.74147 0 0
  566 4.74987 0 0
  567 4.75827 0 0
  568 4.76667 0 0
  569 4.77507 0 0
  570 4.78347 0 0
  571 4.79186 0 0
  572 4.80026 0 0
  573 4.80866 0 0
  574 4.81706 0 0
  575 4.82546 0 0
  576 4.83386 0 0
  577 4.84226 0 0
  578 4.85066 0 0
  579 4.85906 0 0
  580 4.86746 0 0
  581 4.87586 0 0
  582 4.88426 0 0
  583 4.89266 0 0
  584 4.90106 0 0
  585 4.90946 0 0
  586 4.91786 0 0
  587 4.92626 0 0
  588 4.93465 0 0
  589 4.94305 0 0
  590 4.95145 0 0
  591 4.95985 0 0
  592 4.96825 0 0
  593 4.97665 0 0
  594 4.98505 0 0
  595 4.99345 0 0
  596 5.00185 0 0
  597 5.01025 0 0
  598 5.01865 0 0
  599 5.02705 0 0
  600 5.03545 0 0
  601 5.04385 0 0
  602 5.05225 0 0
  603 5.06065 0 0
  604 5.06905 0 0
  605 5.07744 0 0
  606 5.08584 0 0
  607 5.09424 0 0
  608 5.10264 0 0
  609 5.11104 0 0
  610 5.11944 0 0
  611 5.12784 0 0
  612 5.13624 0 0
  613 5.14464 0 0
  614 5.15304 0 0
  615 5.16144 0 0
  616 5.16984 0 0
  617 5.17824 0 0
  618 5.18664 0 0
  619 5.19504 0 0
  620 5.20344 0 0
  621 5.21184 0 0
  622 5.22023 0 0
  623 5.22863 0 0
  624 5.23703 0 0
  625 5.24543 0 0
  626 5.25383 0 0
  627 5.26223 0 0
  628 5.27063 0 0
  629 5.27903 0 0
  630 5.28743 0 0
  631 5.29583 0 0
  632 5.30423 0 0
  633 5.31263 0 0
  634 5.32103 0 0
  635 5.32943 0 0
  636 5.33783 0 0
  637 5.34623 0 0
  638 5.35463 0 0
  639 5.36302 0 0
  640 5.37142 0 0
  641 5.37982 0 0
  642 5.38822 0 0
  643 5.39662 0 0
  644 5.40502 0 0
  645 5.41342 0 0
  646 5.42182 0 0
  647 5.43022 0 0
  648 5.43862 0 0
  649 5.44702 0 0
  650 5.45542 0 0
  651 5.46382 0 0
  652 5.47222 0 0
  653 5.48062 0 0
  654 5.48902 0 0
  655 5.49742 0 0
  656 5.50581 0 0
  657 5.51421 0 0
  658 5.52261 0 0
  659 5.53101 0 0
  660 5.53941 0 0
  661 5.54781 0 0
  662 5.55621 0 0
  663 5.56461 0 0
  664 5.57301 0 0
  665 5.58141 0 0
  666 5.58981 0 0
  667 5.59821 0 0
  668 5.60661 0 0
  669 5.61501 0 0
  670 5.62341 0 0
  671 5.63181 0 0
  672 5.64021 0 0
  673 5.6486 0 0
  674 5.657 0 0
  675 5.6654 0 0
  676 5.6738 0 0
  677 5.6822 0 0
  678 5.6906 0 0
  679 5.699 0 0
  680 5.7074 0 0
  681 5.7158 0 0
  682 5.7242 0 0
  683 5.7326 0 0
  684 5.741 0 0
  685 5.7494 0 0
  686 5.7578 0 0
  687 5.7662 0 0
  688 5.7746 0 0
  689 5.783 0 0
  690 5.7914 0 0
  691 5.79979 0 0
  692 5.80819 0 0
  693 5.81659 0 0
  694 5.82499 0 0
  695 5.83339 0 0
  696 5.84179 0 0
  697 5.85019 0 0
  698 5.85859 0 0
  699 5.86699 0 0
  700 5.87539 0 0
  701 5.88379 0 0
  702 5.89219 0 0
  703 5.90059 0 0
  704 5.90899 0 0
  705 5.91739 0 0
  706 5.92579 0 0
  707 5.93419 0 0
  708 5.94258 0 0
  709 5.95098 0 0
  710 5.95938 0 0
  711 5.96778 0 0
  712 5.97618 0 0
  713 5.98458 0 0
  714 5.99298 0 0
  715 6.00138 0 0
  716 6.00978 0 0
  717 6.01818 0 0
  718 6.02658 0 0
  719 6.03498 0 0
  720 6.04338 0 0
  721 6.05178 0 0
  722 6.06018 0 0
  723 6.06858 0 0
  724 6.07698 0 0
  725 6.08537 0 0
  726 6.09377 0 0
  727 6.10217 0 0
  728 6.11057 0 0
  729 6.11897 0 0
  730 6.12737 0 0
  731 6.13577 0 0
  732 6.14417 0 0
  733 6.15257 0 0
  734 6.16097 0 0
  735 6.16937 0 0
  736 6.17777 0 0
  737 6.18617 0 0
  738 6.19457 0 0
  739 6.20297 0 0
  740 6.21137 0 0
  741 6.21977 0 0
  742 6.22816 0 0
  743 6.23656 0 0
  744 6.24496 0 0
  745 6.25336 0 0
  746 6.26176 0 0
  747 6.27016 0 0
  748 6.27856 0 0
  749 6.28696 0 0
  750 6.29536 0 0
  751 6.30376 0 0
  752 6.31216 0 0
  753 6.32056 0 0
  754 6.32896 0 0
  755 6.33736 0 0
  756 6.34576 0 0
  757 6.35416 0 0
  758 6.36256 0 0
  759 6.37095 0 0
  760 6.37935 0 0
  761 6.38775 0 0
  762 6.39615 0 0
  763 6.40455 0 0
  764 6.41295 0 0
  765 6.42135 0 0
  766 6.42975 0 0
  767 6.43815 0 0
  768 6.44655 0 0
  769 6.45495 0 0
  770 6.46335 0 0
  771 6.47175 0 0
  772 6.48015 0 0
  773 6.48855 0 0
  774 6.49695 0 0
  775 6.50535 0 0
  776 6.51374 0 0
  777 6.52214 0 0
  778 6.53054 0 0
  779 6.53894 0 0
  780 6.54734 0 0
  781 6.55574 0 0
  782 6.56414 0 0
  783 6.57254 0 0
  784 6.58094 0 0
  785 6.58934 0 0
  786 6.59774 0 0
  787 6.60614 0 0
  788 6.61454 0 0
  789 6.62294 0 0
  790 6.63134 0 0
  791 6.63974 0 0
  792 6.64814 0 0
  793 6.65653 0 0
  794 6.66493 0 0
  795 6.67333 0 0
  796 6.68173 0 0
  797 6.69013 0 0
  798 6.69853 0 0
  799 6.70693 0 0
  800 6.71533 0 0
  801 6.72373 0 0
  802 6.73213 0 0
  803 6.74053 0 0
  804 6.74893 0 0
  805 6.75733 0 0
  806 6.76573 0 0
  807 6.77413 0 0
  808 6.78253 0 0
  809 6.79093 0 0
  810 6.79932 0 0
  811 6.80772 0 0
  812 6.81612 0 0
  813 6.82452 0 0
  814 6.83292 0 0
  815 6.84132 0 0
  816 6.84972 0 0
  817 6.85812 0 0
  818 6.86652 0 0
  819 6.87492 0 0
  820 6.88332 0 0
  821 6.89172 0 0
  822 6.90012 0 0
  823 6.90852 0 0
  824 6.91692 0 0
  825 6.92532 0 0
  826 6.93372 0 0
  827 6.94211 0 0
  828 6.95051 0 0
  829 6.95891 0 0
  830 6.96731 0 0
  831 6.97571 0 0
  832 6.98411 0 0
  833 6.99251 0 0
  834 7.00091 0 0
  835 7.00931 0 0
  836 7.01771 0 0
  837 7.02611 0 0
  838 7.03451 0 0
  839 7.04291 0 0
  840 7.05131 0 0
  841 7.05971 0 0
  842 7.06811 0 0
  843 7.07651 0 0
  844 7.0849 0 0
  845 7.0933 0 0
  846 7.1017 0 0
  847 7.1101 0 0
  848 7.1185 0 0
  849 7.1269 0 0
  850 7.1353 0 0
  851 7.1437 0 0
  852 7.1521 0 0
  853 7.1605 0 0
  854 7.1689 0 0
  855 7.1773 0 0
  856 7.1857 0 0
  857 7.1941 0 0
  858 7.2025 0 0
  859 7.2109 0 0
  860 7.2193 0 0
  861 7.22769 0 0
  862 7.23609 0 0
  863 7.24449 0 0
  864 7.25289 0 0
  865 7.26129 0 0
  866 7.26969 0 0
  867 7.27809 0 0
  868 7.28649 0 0
  869 7.29489 0 0
  870 7.30329 0 0
  871 7.31169 0 0
  872 7.32009 0 0
  873 7.32849 0 0
  874 7.33689 0 0
  875 7.34529 0 0
  876 7.35369 0 0
  877 7.36209 0 0
  878 7.37048 0 0
  879 7.37888 0 0
  880 7.38728 0 0
  881 7.39568 0 0
  882 7.40408 0 0
  883 7.41248 0 0
  884 7.42088 0 0
  885 7.42928 0 0
  886 7.43768 0 0
  887 7.44608 0 0
  888 7.45448 0 0
  889 7.46288 0 0
  890 7.47128 0 0
  891 7.47968 0 0
  892 7.48808 0 0
  893 7.49648 0 0
  894 7.50488 0 0
  895 7.51327 0 0
  896 7.52167 0 0
  897 7.53007 0 0
  898 7.53847 0 0
  899 7.54687 0 0
  900 7.55527 0 0
  901 7.56367 0 0
  902 7.57207 0 0
  903 7.58047 0 0
  904 7.58887 0 0
  905 7.59727 0 0
  906 7.60567 0 0
  907 7.61407 0 0
  908 7.62247 0 0
  909 7.63087 0 0
  910 7.63927 0 0
  911 7.64767 0 0
  912 7.65606 0 0
  913 7.66446 0 0
  914 7.67286 0 0
  915 7.68126 0 0
  916 7.68966 0 0
  917 7.69806 0 0
  918 7.70646 0 0
  919 7.71486 0 0
  920 7.72326 0 0
  921 7.73166 0 0
  922 7.74006 0 0
  923 7.74846 0 0
  924 7.75686 0 0
  925 7.76526 0 0
  926 7.77366 0 0
  927 7.78206 0 0
  928 7.79046 0 0
  929 7.79885 0 0
  930 7.80725 0 0
  931 7.81565 0 0
  932 7.82405 0 0
  933 7.83245 0 0
  934 7.84085 0 0
  935 7.84925 0 0
  936 7.85765 0 0
  937 7.86605 0 0
  938 7.87445 0 0
  939 7.88285 0 0
  940 7.89125 0 0
  941 7.89965 0 0
  942 7.90805 0 0
  943 7.91645 0 0
  944 7.92485 0 0
  945 7.93325 0 0
  946 7.94164 0 0
  947 7.95004 0 0
  948 7.95844 0 0
  949 7.96684 0 0
  950 7.97524 0 0
  951 7.98364 0 0
  952 7.99204 0 0
  953 8.00044 0 0
  954 8.00884 0 0
  955 8.01724 0 0
  956 8.02564 0 0
  957 8.03404 0 0
  958 8.04244 0 0
  959 8.05084 0 0
  960 8.05924 0 0
  961 8.06764 0 0
  962 8.07604 0 0
  963 8.08443 0 0
  964 8.09283 0 0
  965 8.10123 0 0
  966 8.10963 0 0
  967 8.11803 0 0
  968 8.12643 0 0
  969 8.13483 0 0
  970 8.14323 0 0
  971 8.15163 0 0
  972 8.16003 0 0
  973 8.16843 0 0
  974 8.17683 0 0
  975 8.18523 0 0
  976 8.19363 0 0
  977 8.20203 0 0
  978 8.21043 0 0
  979 8.21883 0 0
  980 8.22722 0 0
  981 8.23562 0 0
  982 8.24402 0 0
  983 8.25242 0 0
  984 8.26082 0 0
  985 8.26922 0 0
  986 8.27762 0 0
  987 8.28602 0 0
  988 8.29442 0 0
  989 8.30282 0 0
  990 8.31122 0 0
  991 8.31962 0 0
  992 8.32802 0 0
  993 8.33642 0 0
  994 8.34482 0 0
  995 8.35322 0 0
  996 8.36162 0 0
  997 8.37001 0 0
  998 8.37841 0 0
  999 8.38681 0 0
  1000 8.39521 0 0
  1001 8.40361 0 0
  1002 8.41201 0 0
  1003 8.42041 0 0
  1004 8.42881 0 0
  1005 8.43721 0 0
  1006 8.44561 0 0
  1007 8.45401 0 0
  1008 8.46241 0 0
  1009 8.47081 0 0
  1010 8.47921 0 0
  1011 8.48761 0 0
  1012 8.49601 0 0
  1013 8.50441 0 0
  1014 8.5128 0 0
  1015 8.5212 0 0
  1016 8.5296 0 0
  1017 8.538 0 0
  1018 8.5464 0 0
  1019 8.5548 0 0
  1020 8.5632 0 0
  1021 8.5716 0 0
  1022 8.58 0 0
  1023 8.5884 0 0
  1024 8.5968 0 0
  1025 8.6052 0 0
  1026 8.6136 0 0
  1027 8.622 0 0
  1028 8.6304 0 0
  1029 8.6388 0 0
  1030 8.6472 0 0
  1031 8.65559 0 0
  1032 8.66399 0 0
  1033 8.67239 0 0
  1034 8.68079 0 0
  1035 8.68919 0 0
  1036 8.69759 0 0
  1037 8.70599 0 0
  1038 8.71439 0 0
  1039 8.72279 0 0
  1040 8.73119 0 0
  1041 8.73959 0 0
  1042 8.74799 0 0
  1043 8.75639 0 0
  1044 8.76479 0 0
  1045 8.77319 0 0
  1046 8.78159 0 0
  1047 8.78999 0 0
  1048 8.79838 0 0
  1049 8.80678 0 0
  1050 8.81518 0 0
  1051 8.82358 0 0
  1052 8.83198 0 0
  1053 8.84038 0 0
  1054 8.84878 0 0
  1055 8.85718 0 0
  1056 8.86558 0 0
  1057 8.87398 0 0
  1058 8.88238 0 0
  1059 8.89078 0 0
  1060 8.89918 0 0
  1061 8.90758 0 0
  1062 8.91598 0 0
  1063 8.92438 0 0
  1064 8.93278 0 0
  1065 8.94117 0 0
  1066 8.94957 0 0
  1067 8.95797 0 0
  1068 8.96637 0 0
  1069 8.97477 0 0
  1070 8.98317 0 0
  1071 8.99157 0 0
  1072 8.99997 0 0
  1073 9.00837 0 0
  1074 9.01677 0 0
  1075 9.02517 0 0
  1076 9.03357 0 0
  1077 9.04197 0 0
  1078 9.05037 0 0
  1079 9.05877 0 0
  1080 9.06717 0 0
  1081 9.07557 0 0
  1082 9.08396 0 0
  1083 9.09236 0 0
  1084 9.10076 0 0
  1085 9.10916 0 0
  1086 9.11756 0 0
  1087 9.12596 0 0
  1088 9.13436 0 0
  1089 9.14276 0 0
  1090 9.15116 0 0
  1091 9.15956 0 0
  1092 9.16796 0 0
  1093 9.17636 0 0
  1094 9.18476 0 0
  1095 9.19316 0 0
  1096 9.20156 0 0
  1097 9.20996 0 0
  1098 9.21836 0 0
  1099 9.22675 0 0
  1100 9.23515 0 0
  1101 9.24355 0 0
  1102 9.25195 0 0
  1103 9.26035 0 0
  1104 9.26875 0 0
  1105 9.27715 0 0
  1106 9.28555 0 0
  1107 9.29395 0 0
  1108 9.30235 0 0
  1109 9.31075 0 0
  1110 9.31915 0 0
  1111 9.32755 0 0
  1112 9.33595 0 0
  1113 9.34435 0 0
  1114 9.35275 0 0
  1115 9.36115 0 0
  1116 9.36954 0 0
  1117 9.37794 0 0
  1118 9.38634 0 0
  1119 9.39474 0 0
  1120 9.40314 0 0
  1121 9.41154 0 0
  1122 9.41994 0 0
  1123 9.42834 0 0
  1124 9.43674 0 0
  1125 9.44514 0 0
  1126 9.45354 0 0
  1127 9.46194 0 0
  1128 9.47034 0 0
  1129 9.47874 0 0
  1130 9.48714 0 0
  1131 9.49554 0 0
  1132 9.50394 0 0
  1133 9.51233 0 0
  1134 9.52073 0 0
  1135 9.52913 0 0
  1136 9.53753 0 0
  1137 9.54593 0 0
  1138 9.55433 0 0
  1139 9.56273 0 0
  1140 9.57113 0 0
  1141 9.57953 0 0
  1142 9.58793 0 0
  1143 9.59633 0 0
  1144 9.60473 0 0
  1145 9.61313 0 0
  1146 9.62153 0 0
  1147 9.62993 0 0
  1148 9.63833 0 0
  1149 9.64673 0 0
  1150 9.65512 0 0
  1151 9.66352 0 0
  1152 9.67192 0 0
  1153 9.68032 0 0
  1154 9.68872 0 0
  1155 9.69712 0 0
  1156 9.70552 0 0
  1157 9.71392 0 0
  1158 9.72232 0 0
  1159 9.73072 0 0
  1160 9.73912 0 0
  1161 9.74752 0 0
  1162 9.75592 0 0
  1163 9.76432 0 0
  1164 9.77272 0 0
  1165 9.78112 0 0
  1166 9.78952 0 0
  1167 9.79791 0 0
  1168 9.80631 0 0
  1169 9.81471 0 0
  1170 9.82311 0 0
  1171 9.83151 0 0
  1172 9.83991 0 0
  1173 9.84831 0 0
  1174 9.85671 0 0
  1175 9.86511 0 0
  1176 9.87351 0 0
  1177 9.88191 0 0
  1178 9.89031 0 0
  1179 9.89871 0 0
  1180 9.90711 0 0
  1181 9.91551 0 0
  1182 9.92391 0 0
  1183 9.93231 0 0
  1184 9.9407 0 0
  1185 9.9491 0 0
  1186 9.9575 0 0
  1187 9.9659 0 0
  1188 9.9743 0 0
  1189 9.9827 0 0
  1190 9.9911 0 0
  1191 9.9995 0 0
  1192 10.0079 0 0
  1193 10.0163 0 0
  1194 10.0247 0 0
  1195 10.0331 0 0
  1196 10.0415 0 0
  1197 10.0499 0 0
  1198 10.0583 0 0
  1199 10.0667 0 0
  1200 10.0751 0 0
  1201 10.0835 0 0
  1202 10.0919 0 0
  1203 10.1003 0 0
  1204 10.1087 0 0
  1205 10.1171 0 0
  1206 10.1255 0 0
  1207 10.1339 0 0
  1208 10.1423 0 0
  1209 10.1507 0 0
  1210 10.1591 0 0
  1211 10.1675 0 0
  1212 10.1759 0 0
  1213 10.1843 0 0
  1214 10.1927 0 0
  1215 10.2011 0 0
  1216 10.2095 0 0
  1217 10.2179 0 0
  1218 10.2263 0 0
  1219 10.2347 0 0
  1220 10.2431 0 0
  1221 10.2515 0 0
  1222 10.2599 0 0
  1223 10.2683 0 0
  1224 10.2767 0 0
  1225 10.2851 0 0
  1226 10.2935 0 0
  1227 10.3019 0 0
  1228 10.3103 0 0
  1229 10.3187 0 0
  1230 10.3271 0.0010375 0.000197238
  1231 10.3355 0.0014875 0.000541825
  1232 10.3439 0.0011375 -0.000142345
  1233 10.3523 0.0013375 -0.00103728
  1234 10.3607 0.0014125 -0.000371555
  1235 10.3691 0.002025 -0.000616401
  1236 10.3775 0.0016875 -0.000470296
  1237 10.3859 0.0014625 -0.000324561
  1238 10.3943 0.0016125 0.000477751
  1239 10.4027 0.0020875 0.00171563
  1240 10.4111 0.0016625 0.000916113
  1241 10.4195 0.0025375 0.000713644
  1242 10.4279 0.0025375 0.00219634
  1243 10.4363 0.003675 0.00330542
  1244 10.4447 0.0029875 0.002338
  1245 10.4531 0.002675 0.0020029
  1246 10.4615 0.003425 0.00255375
  1247 10.4699 0.0044375 0.00328088
  1248 10.4783 0.0058125 0.000322137
  1249 10.4867 0.0068625 -0.00108931
  1250 10.4951 0.00495 0.000344612
  1251 10.5035 0.00725 0.00376317
  1252 10.5119 0.0043 0.00267971
  1253 10.5203 0.00485 0.00188241
  1254 10.5287 0.0041625 0.00188462
  1255 10.5371 0.0039125 0.00191322
  1256 10.5455 0.0038625 0.00188412
  1257 10.5539 0.003975 0.00223763
  1258 10.5623 0.0058625 0.00529154
  1259 10.5707 0.0037 0.00225295
  1260 10.5791 0.0034375 0.0017799
  1261 10.5875 0.00335 0.00178215
  1262 10.5959 0.0046 -0.000347274
  1263 10.6043 0.00615 0.0010935
  1264 10.6127 0.0055375 0.00165777
  1265 10.6211 0.0047375 0.00204618
  1266 10.6295 0.003725 0.00103819
  1267 10.6379 0.0040375 0.00179101
  1268 10.6463 0.0031625 0.000284047
  1269 10.6547 0.0035 0.000134017
  1270 10.6631 0.005775 -0.00198236
  1271 10.6715 0.006825 -0.00047359
  1272 10.6799 0.0075 -0.00144419
  1273 10.6883 0.0064125 -0.00109208
  1274 10.6967 0.0071125 -0.000536596
  1275 10.7051 0.0067 -0.000148713
  1276 10.7135 0.00735 3.11215e-05
  1277 10.7219 0.00965 0.000526532
  1278 10.7302 0.008575 0.000995151
  1279 10.7386 0.0122125 -0.00176475
  1280 10.747 0.0104 -0.000429367
  1281 10.7554 0.009625 -0.000593958
  1282 10.7638 0.0097 0.00102526
  1283 10.7722 0.0151875 -0.00133034
  1284 10.7806 0.0158125 0.00117835
  1285 10.789 0.0224 -0.000249096
  1286 10.7974 0.027275 -0.0011571
  1287 10.8058 0.0278375 0.00348618
  1288 10.8142 0.0324125 -0.00223048
  1289 10.8226 0.032475 0.00269838
  1290 10.831 0.0333625 0.00580624
  1291 10.8394 0.034875 0.0053114
  1292 10.8478 0.0360375 -0.00158534
  1293 10.8562 0.0353 0.00574792
  1294 10.8646 0.0416125 0.00676946
  1295 10.873 0.0387375 0.00446911
  1296 10.8814 0.0462125 0.00163751
  1297 10.8898 0.0497875 0.00263359
  1298 10.8982 0.054725 0.00983869
  1299 10.9066 0.05535 0.0108597
  1300 10.915 0.055625 0.0087328
  1301 10.9234 0.0578375 0.013519
  1302 10.9318 0.06625 0.0074759
  1303 10.9402 0.073575 0.00118869
  1304 10.9486 0.0773875 0.00515539
  1305 10.957 0.081625 0.010521
  1306 10.9654 0.0831875 0.00447154
  1307 10.9738 0.0918125 0.00514455
  1308 10.9822 0.100612 -0.011052
  1309 10.9906 0.1037 0.000597716
  1310 10.999 0.1165 0.00199711
  1311 11.0074 0.122563 0.0186176
  1312 11.0158 0.117 0.019463
  1313 11.0242 0.109912 0.0129072
  1314 11.0326 0.115113 0.00801979
  1315 11.041 0.1248 0.00963712
  1316 11.0494 0.12975 0.0144338
  1317 11.0578 0.132975 0.00531542
  1318 11.0662 0.13465 0.012802
  1319 11.0746 0.149888 0.0247486
  1320 11.083 0.159075 0.0110794
  1321 11.0914 0.167975 0.0126681
  1322 11.0998 0.16975 0.0153403
  1323 11.1082 0.171788 0.0212367
  1324 11.1166 0.187537 0.0245125
  1325 11.125 0.184325 0.0173969
  1326 11.1334 0.200175 0.0378494
  1327 11.1418 0.219775 0.0395023
  1328 11.1502 0.216638 0.0174602
  1329 11.1586 0.235462 0.0138273
  1330 11.167 0.237325 0.0081752
  1331 11.1754 0.2337 0.0173857
  1332 11.1838 0.2548 0.0146491
  1333 11.1922 0.262025 0.0243978
  1334 11.2006 0.252225 0.0061288
  1335 11.209 0.2769 0.0116829
  1336 11.2174 0.2824 0.000747919
  1337 11.2258 0.2758 0.000280455
  1338 11.2342 0.282175 0.0212606
  1339 11.2426 0.303 0.0044496
  1340 11.251 0.3028 0.0222878
  1341 11.2594 0.31145 0.0397822
  1342 11.2678 0.324313 0.0148348
  1343 11.2762 0.30955 0.0322437
  1344 11.2846 0.312775 0.0383708
  1345 11.293 0.315638 0.0398907
  1346 11.3014 0.328625 0.0281562
  1347 11.3098 0.360175 0.0275207
  1348 11.3182 0.363125 0.0099687
  1349 11.3266 0.3733 0.0447903
  1350 11.335 0.371 0.022036
  1351 11.3434 0.392675 0.0168335
  1352 11.3518 0.3902 0.021296
  1353 11.3602 0.37365 0.00826919
  1354 11.3686 0.382912 0.000388053
  1355 11.377 0.39225 0.0167564
  1356 11.3854 0.388012 0.0326396
  1357 11.3938 0.406813 0.0373834
  1358 11.4022 0.436837 0.059398
  1359 11.4106 0.42935 0.0605844
  1360 11.419 0.4452 0.0538214
  1361 11.4274 0.451775 0.0524747
  1362 11.4358 0.477513 0.0448831
  1363 11.4442 0.478762 0.0755224
  1364 11.4526 0.480475 0.0788154
  1365 11.461 0.506675 0.0822793
  1366 11.4694 0.511962 0.0515746
  1367 11.4778 0.524687 0.035625
  1368 11.4862 0.51395 0.0692235
  1369 11.4946 0.518813 0.0628723
  1370 11.503 0.53045 0.0732899
  1371 11.5114 0.521262 0.0636221
  1372 11.5198 0.5227 0.0770484
  1373 11.5282 0.547887 0.0813507
  1374 11.5366 0.574538 0.0587059
  1375 11.545 0.5776 0.0695174
  1376 11.5534 0.589875 0.098475
  1377 11.5618 0.5941 0.0812023
  1378 11.5702 0.566275 0.0858059
  1379 11.5786 0.56315 0.0866415
  1380 11.587 0.564375 0.0752832
  1381 11.5954 0.558887 0.0931295
  1382 11.6038 0.540825 0.0957655
  1383 11.6122 0.561625 0.103237
  1384 11.6206 0.585462 0.102007
  1385 11.629 0.589788 0.115819
  1386 11.6374 0.607825 0.103529
  1387 11.6458 0.61245 0.106664
  1388 11.6542 0.604325 0.102827
  1389 11.6626 0.624925 0.134655
  1390 11.671 0.641425 0.106339
  1391 11.6794 0.650563 0.107037
  1392 11.6878 0.657338 0.132326
  1393 11.6962 0.6819 0.160968
  1394 11.7046 0.685638 0.159814
  1395 11.713 0.663288 0.15355
  1396 11.7214 0.680013 0.169881
  1397 11.7298 0.660138 0.13586
  1398 11.7382 0.675238 0.153211
  1399 11.7466 0.68335 0.133044
  1400 11.755 0.71195 0.13313
  1401 11.7634 0.702525 0.140909
  1402 11.7718 0.728938 0.159499
  1403 11.7802 0.749613 0.151458
  1404 11.7886 0.743475 0.159556
  1405 11.797 0.771713 0.155634
  1406 11.8054 0.795013 0.152544
  1407 11.8138 0.790825 0.160841
  1408 11.8222 0.78975 0.156975
  1409 11.8306 0.821738 0.147444
  1410 11.839 0.797275 0.149054
  1411 11.8474 0.802262 0.159045
  1412 11.8558 0.800438 0.174581
  1413 11.8642 0.821275 0.175208
  1414 11.8726 0.8353 0.162698
  1415 11.881 0.842063 0.169942
  1416 11.8894 0.848562 0.154813
  1417 11.8978 0.830588 0.152415
  1418 11.9062 0.831775 0.151005
  1419 11.9146 0.840762 0.160174
  1420 11.923 0.842562 0.179948
  1421 11.9314 0.879563 0.21993
  1422 11.9398 0.891713 0.213678
  1423 11.9482 0.91065 0.229863
  1424 11.9566 0.860575 0.231069
  1425 11.965 0.867287 0.235071
  1426 11.9734 0.853425 0.229552
  1427 11.9818 0.862 0.216282
  1428 11.9902 0.881713 0.237763
  1429 11.9986 0.862112 0.240273
  1430 12.007 0.848575 0.226111
  1431 12.0154 0.833137 0.223529
  1432 12.0238 0.87585 0.212203
  1433 12.0322 0.8531 0.208601
  1434 12.0406 0.85755 0.233405
  1435 12.049 0.832187 0.214649
  1436 12.0574 0.842437 0.200043
  1437 12.0658 0.838838 0.188934
  1438 12.0742 0.831963 0.190482
  1439 12.0826 0.846063 0.212727
  1440 12.091 0.906775 0.208805
  1441 12.0994 0.880875 0.207362
  1442 12.1078 0.8745 0.221608
  1443 12.1162 0.894475 0.239919
  1444 12.1246 0.883162 0.237395
  1445 12.133 0.886188 0.197687
  1446 12.1414 0.854137 0.218593
  1447 12.1498 0.808775 0.248972
  1448 12.1581 0.845662 0.231126
  1449 12.1665 0.836688 0.24127
  1450 12.1749 0.868912 0.232464
  1451 12.1833 0.868337 0.236772
  1452 12.1917 0.862762 0.251214
  1453 12.2001 0.881962 0.281783
  1454 12.2085 0.8965 0.272242
  1455 12.2169 0.897613 0.275399
  1456 12.2253 0.9037 0.304527
  1457 12.2337 0.8995 0.276601
  1458 12.2421 0.880838 0.259858
  1459 12.2505 0.84945 0.236916
  1460 12.2589 0.851325 0.253703
  1461 12.2673 0.836037 0.252854
  1462 12.2757 0.858163 0.248993
  1463 12.2841 0.883525 0.230535
  1464 12.2925 0.874625 0.263996
  1465 12.3009 0.853712 0.272965
  1466 12.3093 0.852012 0.242302
  1467 12.3177 0.872025 0.255493
  1468 12.3261 0.867687 0.272892
  1469 12.3345 0.848263 0.257214
  1470 12.3429 0.8616 0.26158
  1471 12.3513 0.894075 0.291888
  1472 12.3597 0.86535 0.274086
  1473 12.3681 0.865012 0.298208
  1474 12.3765 0.893687 0.294506
  1475 12.3849 0.910013 0.298061
  1476 12.3933 0.895362 0.278271
  1477 12.4017 0.8511 0.273475
  1478 12.4101 0.883463 0.263138
  1479 12.4185 0.89065 0.252061
  1480 12.4269 0.896587 0.281012
  1481 12.4353 0.884225 0.270199
  1482 12.4437 0.911312 0.316946
  1483 12.4521 0.890375 0.301034
  1484 12.4605 0.900238 0.276765
  1485 12.4689 0.882563 0.233781
  1486 12.4773 0.88295 0.271003
  1487 12.4857 0.915875 0.286395
  1488 12.4941 0.902312 0.269486
  1489 12.5025 0.880875 0.265486
  1490 12.5109 0.895 0.294587
  1491 12.5193 0.91035 0.291935
  1492 12.5277 0.922987 0.297542
  1493 12.5361 0.914837 0.283769
  1494 12.5445 0.930312 0.295129
  1495 12.5529 0.93205 0.276879
  1496 12.5613 0.95255 0.302876
  1497 12.5697 0.944137 0.32375
  1498 12.5781 0.947963 0.317465
  1499 12.5865 0.962313 0.328799
  1500 12.5949 0.975 0.356696
  1501 12.6033 0.970812 0.337562
  1502 12.6117 0.958875 0.333231
  1503 12.6201 0.990263 0.333464
  1504 12.6285 0.969375 0.322812
  1505 12.6369 0.968163 0.346976
  1506 12.6453 0.988962 0.352288
  1507 12.6537 0.975688 0.389731
  1508 12.6621 1.00116 0.393746
  1509 12.6705 0.998713 0.376072
  1510 12.6789 1.02846 0.385194
  1511 12.6873 1.02175 0.359073
  1512 12.6957 1.03412 0.386355
  1513 12.7041 1.03609 0.383743
  1514 12.7125 1.04466 0.337265
  1515 12.7209 1.07746 0.375246
  1516 12.7293 1.07308 0.366112
  1517 12.7377 1.07367 0.396318
  1518 12.7461 1.04669 0.360461
  1519 12.7545 1.06165 0.364186
  1520 12.7629 1.06012 0.335532
  1521 12.7713 1.07373 0.379543
  1522 12.7797 1.07719 0.405769
  1523 12.7881 1.05608 0.386599
  1524 12.7965 1.05411 0.330363
  1525 12.8049 1.09951 0.404089
  1526 12.8133 1.09791 0.369578
  1527 12.8217 1.09495 0.340519
  1528 12.8301 1.09145 0.349345
  1529 12.8385 1.09806 0.36641
  1530 12.8469 1.09561 0.392469
  1531 12.8553 1.10971 0.42436
  1532 12.8637 1.1185 0.426547
  1533 12.8721 1.14549 0.4304
  1534 12.8805 1.16597 0.421237
  1535 12.8889 1.15102 0.415693
  1536 12.8973 1.14659 0.406639
  1537 12.9057 1.1114 0.408012
  1538 12.9141 1.10225 0.417766
  1539 12.9225 1.08926 0.405351
  1540 12.9309 1.10901 0.438357
  1541 12.9393 1.14065 0.417367
  1542 12.9477 1.12839 0.410467
  1543 12.9561 1.11662 0.445876
  1544 12.9645 1.12255 0.433056
  1545 12.9729 1.13191 0.399434
  1546 12.9813 1.1139 0.401122
  1547 12.9897 1.10599 0.380644
  1548 12.9981 1.12891 0.40583
  1549 13.0065 1.16231 0.381517
  1550 13.0149 1.11465 0.356886
  1551 13.0233 1.1261 0.371552
  1552 13.0317 1.14371 0.355281
  1553 13.0401 1.13871 0.406765
  1554 13.0485 1.14468 0.390051
  1555 13.0569 1.15759 0.37917
  1556 13.0653 1.12284 0.35124
  1557 13.0737 1.14255 0.357049
  1558 13.0821 1.13433 0.406053
  1559 13.0905 1.12034 0.411803
  1560 13.0989 1.1244 0.429183
  1561 13.1073 1.08859 0.393195
  1562 13.1157 1.10991 0.447292
  1563 13.1241 1.12058 0.441433
  1564 13.1325 1.08795 0.390176
  1565 13.1409 1.08401 0.414764
  1566 13.1493 1.09862 0.372807
  1567 13.1577 1.11345 0.397707
  1568 13.1661 1.12175 0.419471
  1569 13.1745 1.10515 0.384315
  1570 13.1829 1.1106 0.373565
  1571 13.1913 1.12514 0.396981
  1572 13.1997 1.15924 0.400622
  1573 13.2081 1.16279 0.396754
  1574 13.2165 1.1624 0.398916
  1575 13.2249 1.13985 0.424416
  1576 13.2333 1.12509 0.427464
  1577 13.2417 1.16702 0.42916
  1578 13.2501 1.12096 0.421922
  1579 13.2585 1.10625 0.420912
  1580 13.2669 1.08865 0.418085
  1581 13.2753 1.1501 0.404162
  1582 13.2837 1.16171 0.407747
  1583 13.2921 1.16179 0.408081
  1584 13.3005 1.14488 0.434723
  1585 13.3089 1.16229 0.449649
  1586 13.3173 1.16718 0.447783
  1587 13.3257 1.13471 0.473269
  1588 13.3341 1.15006 0.512719
  1589 13.3425 1.18151 0.455156
  1590 13.3509 1.16 0.436438
  1591 13.3593 1.15575 0.485261
  1592 13.3677 1.18693 0.493507
  1593 13.3761 1.16221 0.513861
  1594 13.3845 1.156 0.485451
  1595 13.3929 1.17172 0.50381
  1596 13.4013 1.1893 0.550574
  1597 13.4097 1.17467 0.535786
  1598 13.4181 1.2091 0.534389
  1599 13.4265 1.25006 0.533505
  1600 13.4349 1.21372 0.545408
  1601 13.4433 1.25709 0.537835
  1602 13.4517 1.24442 0.542977
  1603 13.4601 1.22784 0.584057
  1604 13.4685 1.22283 0.57255
  1605 13.4769 1.19909 0.550781
  1606 13.4853 1.23333 0.55654
  1607 13.4937 1.25696 0.571055
  1608 13.5021 1.21034 0.552547
  1609 13.5105 1.23883 0.546335
  1610 13.5189 1.24566 0.527248
  1611 13.5273 1.23509 0.525311
  1612 13.5357 1.25919 0.519172
  1613 13.5441 1.26628 0.526639
  1614 13.5525 1.26778 0.527514
  1615 13.5609 1.26904 0.49528
  1616 13.5693 1.32374 0.545378
  1617 13.5777 1.30012 0.556366
  1618 13.586 1.29535 0.596966
  1619 13.5944 1.3101 0.557035
  1620 13.6028 1.31975 0.568648
  1621 13.6112 1.3187 0.572705
  1622 13.6196 1.33911 0.59025
  1623 13.628 1.35461 0.539864
  1624 13.6364 1.32704 0.551593
  1625 13.6448 1.28724 0.554564
  1626 13.6532 1.28726 0.539346
  1627 13.6616 1.31537 0.577785
  1628 13.67 1.31632 0.583141
  1629 13.6784 1.33014 0.59429
  1630 13.6868 1.31672 0.576445
  1631 13.6952 1.31313 0.550133
  1632 13.7036 1.30901 0.574752
  1633 13.712 1.28238 0.575199
  1634 13.7204 1.34367 0.555694
  1635 13.7288 1.35459 0.517336
  1636 13.7372 1.35203 0.511856
  1637 13.7456 1.33054 0.488741
  1638 13.754 1.35534 0.577776
  1639 13.7624 1.30907 0.539128
  1640 13.7708 1.28624 0.523099
  1641 13.7792 1.29979 0.55235
  1642 13.7876 1.2786 0.545115
  1643 13.796 1.25646 0.559283
  1644 13.8044 1.28546 0.555868
  1645 13.8128 1.27172 0.603564
  1646 13.8212 1.23591 0.529254
  1647 13.8296 1.24212 0.531641
  1648 13.838 1.27201 0.553459
  1649 13.8464 1.28969 0.519379
  1650 13.8548 1.27077 0.528092
  1651 13.8632 1.29598 0.548223
  1652 13.8716 1.29465 0.552447
  1653 13.88 1.27259 0.557461
  1654 13.8884 1.24234 0.546833
  1655 13.8968 1.2387 0.532882
  1656 13.9052 1.24251 0.562986
  1657 13.9136 1.27297 0.541135
  1658 13.922 1.27792 0.589884
  1659 13.9304 1.28061 0.539402
  1660 13.9388 1.28914 0.59972
  1661 13.9472 1.25611 0.590304
  1662 13.9556 1.24832 0.611597
  1663 13.964 1.26733 0.628446
  1664 13.9724 1.26941 0.602191
  1665 13.9808 1.24979 0.626968
  1666 13.9892 1.28765 0.613286
  1667 13.9976 1.31809 0.645826
  1668 14.006 1.31006 0.614388
  1669 14.0144 1.28461 0.603174
  1670 14.0228 1.29414 0.588569
  1671 14.0312 1.308 0.579004
  1672 14.0396 1.31086 0.594055
  1673 14.048 1.34986 0.607169
  1674 14.0564 1.35259 0.649345
  1675 14.0648 1.32203 0.605592
  1676 14.0732 1.33381 0.618082
  1677 14.0816 1.37596 0.669149
  1678 14.09 1.35629 0.689965
  1679 14.0984 1.37187 0.688549
  1680 14.1068 1.36546 0.669384
  1681 14.1152 1.35244 0.64573
  1682 14.1236 1.33341 0.628236
  1683 14.132 1.36918 0.643459
  1684 14.1404 1.38434 0.603818
  1685 14.1488 1.42129 0.584298
  1686 14.1572 1.39729 0.627958
  1687 14.1656 1.37876 0.646558
  1688 14.174 1.40878 0.648108
  1689 14.1824 1.34757 0.668441
  1690 14.1908 1.34605 0.698875
  1691 14.1992 1.34787 0.645014
  1692 14.2076 1.30858 0.630339
  1693 14.216 1.33232 0.633319
  1694 14.2244 1.33014 0.588047
  1695 14.2328 1.33521 0.625933
  1696 14.2412 1.37896 0.684555
  1697 14.2496 1.35072 0.666903
  1698 14.258 1.34213 0.665323
  1699 14.2664 1.31711 0.660112
  1700 14.2748 1.31786 0.667065
  1701 14.2832 1.35789 0.673542
  1702 14.2916 1.34061 0.667221
  1703 14.3 1.38445 0.69101
  1704 14.3084 1.40627 0.724815
  1705 14.3168 1.3607 0.688324
  1706 14.3252 1.34259 0.677042
  1707 14.3336 1.3813 0.689869
  1708 14.342 1.35949 0.65476
  1709 14.3504 1.38061 0.677919
  1710 14.3588 1.36276 0.70267
  1711 14.3672 1.38261 0.717052
  1712 14.3756 1.39996 0.72991
  1713 14.384 1.39072 0.689826
  1714 14.3924 1.37101 0.639523
  1715 14.4008 1.35165 0.692885
  1716 14.4092 1.37799 0.715971
  1717 14.4176 1.34682 0.68787
  1718 14.426 1.33753 0.629756
  1719 14.4344 1.32696 0.616597
  1720 14.4428 1.33731 0.660134
  1721 14.4512 1.35404 0.660202
  1722 14.4596 1.42841 0.682145
  1723 14.468 1.4105 0.653704
  1724 14.4764 1.37426 0.607398
  1725 14.4848 1.3728 0.624938
  1726 14.4932 1.41979 0.680199
  1727 14.5016 1.43564 0.721267
  1728 14.51 1.41084 0.683376
  1729 14.5184 1.3896 0.655975
  1730 14.5268 1.42352 0.705599
  1731 14.5352 1.39745 0.653748
  1732 14.5436 1.40607 0.651277
  1733 14.552 1.40312 0.643581
  1734 14.5604 1.41559 0.660235
  1735 14.5688 1.38522 0.634433
  1736 14.5772 1.4092 0.682112
  1737 14.5856 1.4109 0.651475
  1738 14.594 1.4008 0.672379
  1739 14.6024 1.37826 0.664535
  1740 14.6108 1.38791 0.67468
  1741 14.6192 1.37783 0.68668
  1742 14.6276 1.4002 0.71012
  1743 14.636 1.35509 0.682327
  1744 14.6444 1.38111 0.68374
  1745 14.6528 1.41453 0.689722
  1746 14.6612 1.3812 0.680771
  1747 14.6696 1.37908 0.702507
  1748 14.678 1.39565 0.703746
  1749 14.6864 1.38034 0.720087
  1750 14.6948 1.42505 0.688506
  1751 14.7032 1.40749 0.698751
  1752 14.7116 1.41209 0.69031
  1753 14.72 1.38203 0.679429
  1754 14.7284 1.39225 0.684014
  1755 14.7368 1.38266 0.693733
  1756 14.7452 1.36269 0.681389
  1757 14.7536 1.36699 0.665646
  1758 14.762 1.37364 0.642421
  1759 14.7704 1.40724 0.707279
  1760 14.7788 1.4176 0.724842
  1761 14.7872 1.40441 0.73363
  1762 14.7956 1.41676 0.734635
  1763 14.804 1.38529 0.713858
  1764 14.8124 1.37116 0.747435
  1765 14.8208 1.41817 0.724711
  1766 14.8292 1.3977 0.742114
  1767 14.8376 1.41755 0.759901
  1768 14.846 1.37215 0.760716
  1769 14.8544 1.38662 0.729358
  1770 14.8628 1.39441 0.70669
  1771 14.8712 1.44227 0.772485
  1772 14.8796 1.43984 0.782709
  1773 14.888 1.45017 0.779362
  1774 14.8964 1.44299 0.749654
  1775 14.9048 1.47226 0.798039
  1776 14.9132 1.44287 0.769425
  1777 14.9216 1.45459 0.777955
  1778 14.93 1.47697 0.769284
  1779 14.9384 1.49473 0.759651
  1780 14.9468 1.5244 0.761535
  1781 14.9552 1.46542 0.774687
  1782 14.9636 1.46647 0.778116
  1783 14.972 1.44831 0.727418
  1784 14.9804 1.42119 0.733488
  1785 14.9888 1.43994 0.761137
  1786 14.9972 1.44778 0.734853
  1787 15.0056 1.42644 0.738572
  1788 15.014 1.41685 0.732655
  1789 15.0223 1.44456 0.745211
  1790 15.0307 1.45131 0.743971
  1791 15.0391 1.49304 0.767862
  1792 15.0475 1.4285 0.736704
  1793 15.0559 1.43679 0.775329
  1794 15.0643 1.44656 0.801639
  1795 15.0727 1.49378 0.813531
  1796 15.0811 1.50863 0.835932
  1797 15.0895 1.51693 0.715853
  1798 15.0979 1.5301 0.7803
  1799 15.1063 1.50689 0.79267
  1800 15.1147 1.4812 0.754824
  1801 15.1231 1.56583 0.830484
  1802 15.1315 1.60482 0.850241
  1803 15.1399 1.5362 0.812907
  1804 15.1483 1.53635 0.799799
  1805 15.1567 1.53634 0.775314
  1806 15.1651 1.51796 0.779688
  1807 15.1735 1.55462 0.858152
  1808 15.1819 1.52265 0.801785
  1809 15.1903 1.52534 0.816662
  1810 15.1987 1.5003 0.781984
  1811 15.2071 1.51326 0.811825
  1812 15.2155 1.50867 0.804218
  1813 15.2239 1.51175 0.811261
  1814 15.2323 1.44699 0.802303
  1815 15.2407 1.45719 0.809019
  1816 15.2491 1.43819 0.790977
  1817 15.2575 1.42685 0.799676
  1818 15.2659 1.44447 0.796378
  1819 15.2743 1.44548 0.777768
  1820 15.2827 1.42649 0.748954
  1821 15.2911 1.41205 0.716323
  1822 15.2995 1.44224 0.781981
  1823 15.3079 1.44712 0.780296
  1824 15.3163 1.41447 0.756039
  1825 15.3247 1.43409 0.763953
  1826 15.3331 1.48655 0.789268
  1827 15.3415 1.50933 0.838616
  1828 15.3499 1.48549 0.834626
  1829 15.3583 1.45986 0.798339
  1830 15.3667 1.43089 0.811005
  1831 15.3751 1.4479 0.789988
  1832 15.3835 1.42235 0.763581
  1833 15.3919 1.4358 0.770953
  1834 15.4003 1.42883 0.773262
  1835 15.4087 1.42053 0.816469
  1836 15.4171 1.41938 0.791519
  1837 15.4255 1.42491 0.824416
  1838 15.4339 1.42409 0.797552
  1839 15.4423 1.41099 0.793418
  1840 15.4507 1.39453 0.810831
  1841 15.4591 1.41 0.82899
  1842 15.4675 1.42365 0.795049
  1843 15.4759 1.42098 0.836317
  1844 15.4843 1.4375 0.823419
  1845 15.4927 1.43416 0.809723
  1846 15.5011 1.44522 0.808177
  1847 15.5095 1.40831 0.813018
  1848 15.5179 1.43195 0.786254
  1849 15.5263 1.40105 0.794661
  1850 15.5347 1.43978 0.80453
  1851 15.5431 1.43806 0.816455
  1852 15.5515 1.45131 0.824422
  1853 15.5599 1.44369 0.843039
  1854 15.5683 1.4295 0.822398
  1855 15.5767 1.43836 0.817519
  1856 15.5851 1.4345 0.800837
  1857 15.5935 1.41768 0.821732
  1858 15.6019 1.4181 0.855647
  1859 15.6103 1.42415 0.852725
  1860 15.6187 1.4605 0.898679
  1861 15.6271 1.4727 0.93035
  1862 15.6355 1.4916 0.924475
  1863 15.6439 1.4735 0.888602
  1864 15.6523 1.476 0.896501
  1865 15.6607 1.45538 0.879144
  1866 15.6691 1.44037 0.854152
  1867 15.6775 1.4468 0.841819
  1868 15.6859 1.4478 0.799671
  1869 15.6943 1.51553 0.866966
  1870 15.7027 1.49571 0.870978
  1871 15.7111 1.46885 0.838643
  1872 15.7195 1.48261 0.884708
  1873 15.7279 1.51286 0.844013
  1874 15.7363 1.49576 0.840253
  1875 15.7447 1.48917 0.847882
  1876 15.7531 1.51473 0.893011
  1877 15.7615 1.49117 0.872925
  1878 15.7699 1.47894 0.857768
  1879 15.7783 1.45722 0.852962
  1880 15.7867 1.48996 0.882741
  1881 15.7951 1.48085 0.903844
  1882 15.8035 1.47395 0.90484
  1883 15.8119 1.50083 0.894266
  1884 15.8203 1.5412 0.937071
  1885 15.8287 1.55456 0.969116
  1886 15.8371 1.57129 0.979357
  1887 15.8455 1.56876 0.904123
  1888 15.8539 1.50126 0.896168
  1889 15.8623 1.48578 0.87877
  1890 15.8707 1.4875 0.908093
  1891 15.8791 1.49771 0.878429
  1892 15.8875 1.50717 0.89219
  1893 15.8959 1.53696 0.913755
  1894 15.9043 1.55815 0.912696
  1895 15.9127 1.52461 0.90143
  1896 15.9211 1.53713 0.922451
  1897 15.9295 1.55641 0.878803
  1898 15.9379 1.56199 0.853874
  1899 15.9463 1.5672 0.91023
  1900 15.9547 1.56746 0.882204
  1901 15.9631 1.53487 0.896413
  1902 15.9715 1.55759 0.821777
  1903 15.9799 1.56147 0.855182
  1904 15.9883 1.54923 0.869021
  1905 15.9967 1.54364 0.836873
  1906 16.0051 1.55604 0.861289
  1907 16.0135 1.53839 0.870614
  1908 16.0219 1.56364 0.850983
  1909 16.0303 1.51893 0.861973
  1910 16.0387 1.49289 0.806843
  1911 16.0471 1.51744 0.834166
  1912 16.0555 1.55836 0.877265
  1913 16.0639 1.55252 0.863318
  1914 16.0723 1.51084 0.848509
  1915 16.0807 1.50582 0.894494
  1916 16.0891 1.51446 0.858914
  1917 16.0975 1.47772 0.838786
  1918 16.1059 1.48716 0.834033
  1919 16.1143 1.5051 0.850953
  1920 16.1227 1.48145 0.907566
  1921 16.1311 1.51584 0.950537
  1922 16.1395 1.50578 0.912001
  1923 16.1479 1.50779 0.885931
  1924 16.1563 1.5227 0.867252
  1925 16.1647 1.50061 0.884686
  1926 16.1731 1.53737 0.943164
  1927 16.1815 1.51568 0.905589
  1928 16.1899 1.53028 0.903186
  1929 16.1983 1.49165 0.859227
  1930 16.2067 1.50608 0.914553
  1931 16.2151 1.50962 0.918421
  1932 16.2235 1.52782 0.911183
  1933 16.2319 1.54744 0.898235
  1934 16.2403 1.50329 0.870924
  1935 16.2487 1.4568 0.847927
  1936 16.2571 1.50293 0.87954
  1937 16.2655 1.54014 0.832086
  1938 16.2739 1.48761 0.93188
  1939 16.2823 1.4834 0.886506
  1940 16.2907 1.53468 0.951648
  1941 16.2991 1.5033 0.927684
  1942 16.3075 1.50145 0.893224
  1943 16.3159 1.52735 0.904843
  1944 16.3243 1.5246 0.894147
  1945 16.3327 1.50694 0.911211
  1946 16.3411 1.57175 0.952683
  1947 16.3495 1.5267 0.852267
  1948 16.3579 1.53725 0.836152
  1949 16.3663 1.51192 0.82648
  1950 16.3747 1.51652 0.847666
  1951 16.3831 1.53809 0.861247
  1952 16.3915 1.52582 0.873223
  1953 16.3999 1.4917 0.881217
  1954 16.4083 1.50006 0.86833
  1955 16.4167 1.53127 0.873133
  1956 16.4251 1.54766 0.880605
  1957 16.4335 1.5145 0.872976
  1958 16.4419 1.54994 0.875139
  1959 16.4502 1.5757 0.931345
  1960 16.4586 1.53986 0.897864
  1961 16.467 1.54321 0.885377
  1962 16.4754 1.53306 0.904611
  1963 16.4838 1.54281 0.852427
  1964 16.4922 1.5654 0.833972
  1965 16.5006 1.54995 0.847675
  1966 16.509 1.4992 0.835316
  1967 16.5174 1.49585 0.861094
  1968 16.5258 1.51241 0.875475
  1969 16.5342 1.54504 0.905605
  1970 16.5426 1.54523 0.907833
  1971 16.551 1.5149 0.893871
  1972 16.5594 1.48526 0.888996
  1973 16.5678 1.51565 0.902382
  1974 16.5762 1.52955 0.938018
  1975 16.5846 1.4971 0.861326
  1976 16.593 1.55014 0.887965
  1977 16.6014 1.56345 0.900242
  1978 16.6098 1.55359 0.858898
  1979 16.6182 1.57079 0.904181
  1980 16.6266 1.5457 0.924262
  1981 16.635 1.55696 0.897591
  1982 16.6434 1.54678 0.863471
  1983 16.6518 1.51176 0.882711
  1984 16.6602 1.50202 0.8694
  1985 16.6686 1.5294 0.91951
  1986 16.677 1.53119 0.932015
  1987 16.6854 1.48106 0.89402
  1988 16.6938 1.485 0.91886
  1989 16.7022 1.57494 0.931155
  1990 16.7106 1.51778 0.953734
  1991 16.719 1.5276 0.929139
  1992 16.7274 1.50485 0.891313
  1993 16.7358 1.49221 0.868734
  1994 16.7442 1.50005 0.857076
  1995 16.7526 1.5467 0.902229
  1996 16.761 1.56271 0.950523
  1997 16.7694 1.55783 0.983951
  1998 16.7778 1.55163 0.959745
  1999 16.7862 1.5285 0.898294
  2000 16.7946 1.53334 0.865253
  2001 16.803 1.49824 0.847459
  2002 16.8114 1.51216 0.857894
  2003 16.8198 1.5428 0.841628
  2004 16.8282 1.52871 0.871699
  2005 16.8366 1.5434 0.90479
  2006 16.845 1.52266 0.837409
  2007 16.8534 1.54386 0.863259
  2008 16.8618 1.51004 0.862741
  2009 16.8702 1.46037 0.828605
  2010 16.8786 1.46812 0.865263
  2011 16.887 1.51266 0.807719
  2012 16.8954 1.46833 0.83031
  2013 16.9038 1.495 0.84386
  2014 16.9122 1.51194 0.893019
  2015 16.9206 1.49533 0.925141
  2016 16.929 1.4315 0.825236
  2017 16.9374 1.46555 0.820258
  2018 16.9458 1.47588 0.854728
  2019 16.9542 1.44446 0.795897
  2020 16.9626 1.46889 0.81337
  2021 16.971 1.46948 0.839732
  2022 16.9794 1.45865 0.861369
  2023 16.9878 1.46515 0.825707
  2024 16.9962 1.49182 0.885598
  2025 17.0046 1.50917 0.933081
  2026 17.013 1.48414 0.852896
  2027 17.0214 1.46671 0.808093
  2028 17.0298 1.48287 0.797246
  2029 17.0382 1.52459 0.853883
  2030 17.0466 1.51911 0.875371
  2031 17.055 1.53339 0.86852
  2032 17.0634 1.5326 0.860881
  2033 17.0718 1.52369 0.84383
  2034 17.0802 1.5256 0.878584
  2035 17.0886 1.53704 0.881212
  2036 17.097 1.54125 0.894833
  2037 17.1054 1.52061 0.861123
  2038 17.1138 1.53671 0.860901
  2039 17.1222 1.48853 0.834352
  2040 17.1306 1.53411 0.859725
  2041 17.139 1.52632 0.889752
  2042 17.1474 1.5449 0.944255
  2043 17.1558 1.55045 0.9044
  2044 17.1642 1.51456 0.858904
  2045 17.1726 1.50271 0.882847
  2046 17.181 1.50412 0.847745
  2047 17.1894 1.48464 0.841381
  2048 17.1978 1.50935 0.860066
  2049 17.2062 1.47874 0.913339
  2050 17.2146 1.48887 0.858908
  2051 17.223 1.48834 0.84504
  2052 17.2314 1.51632 0.913541
  2053 17.2398 1.49619 0.846852
  2054 17.2482 1.46961 0.871376
  2055 17.2566 1.4858 0.887646
  2056 17.265 1.45751 0.821647
  2057 17.2734 1.46366 0.864396
  2058 17.2818 1.49158 0.923923
  2059 17.2902 1.48772 0.867198
  2060 17.2986 1.50494 0.872025
  2061 17.307 1.52759 0.888127
  2062 17.3154 1.53256 0.904772
  2063 17.3238 1.493 0.864521
  2064 17.3322 1.51121 0.896651
  2065 17.3406 1.47843 0.902549
  2066 17.349 1.51966 0.890634
  2067 17.3574 1.49609 0.864165
  2068 17.3658 1.51194 0.868405
  2069 17.3742 1.52534 0.902236
  2070 17.3826 1.50438 0.911323
  2071 17.391 1.5112 0.922733
  2072 17.3994 1.51271 0.931083
  2073 17.4078 1.476 0.914832
  2074 17.4162 1.49418 0.9291
  2075 17.4246 1.48544 0.947102
  2076 17.433 1.45778 0.914718
  2077 17.4414 1.50875 0.918104
  2078 17.4498 1.50401 0.936842
  2079 17.4582 1.53356 0.938466
  2080 17.4666 1.54634 0.916105
  2081 17.475 1.54846 0.927077
  2082 17.4834 1.49406 0.920042
  2083 17.4918 1.50665 0.887025
  2084 17.5002 1.48631 0.873236
  2085 17.5086 1.47359 0.882144
  2086 17.517 1.48741 0.844772
  2087 17.5254 1.47592 0.845903
  2088 17.5338 1.49723 0.845603
  2089 17.5422 1.54169 0.878506
  2090 17.5506 1.51083 0.861716
  2091 17.559 1.51858 0.882373
  2092 17.5674 1.4984 0.89503
  2093 17.5758 1.47239 0.860073
  2094 17.5842 1.42884 0.797897
  2095 17.5926 1.41695 0.792835
  2096 17.601 1.44214 0.831125
  2097 17.6094 1.43015 0.76797
  2098 17.6178 1.48687 0.86553
  2099 17.6262 1.47544 0.863428
  2100 17.6346 1.40946 0.838456
  2101 17.643 1.43529 0.853579
  2102 17.6514 1.46699 0.885014
  2103 17.6598 1.43715 0.847381
  2104 17.6682 1.49743 0.889116
  2105 17.6766 1.50893 0.908323
  2106 17.685 1.48011 0.933821
  2107 17.6934 1.46241 0.879071
  2108 17.7018 1.44809 0.832979
  2109 17.7102 1.44591 0.844324
  2110 17.7186 1.44827 0.895458
  2111 17.727 1.44861 0.919436
  2112 17.7354 1.45168 0.881675
  2113 17.7438 1.43521 0.859187
  2114 17.7522 1.40575 0.841092
  2115 17.7606 1.43041 0.872866
  2116 17.769 1.45109 0.908706
  2117 17.7774 1.42574 0.873238
  2118 17.7858 1.45874 0.887427
  2119 17.7942 1.44904 0.866155
  2120 17.8026 1.47958 0.848807
  2121 17.811 1.50585 0.858041
  2122 17.8194 1.49254 0.831574
  2123 17.8278 1.5035 0.803065
  2124 17.8362 1.48499 0.851292
  2125 17.8446 1.41294 0.825795
  2126 17.853 1.43273 0.834637
  2127 17.8614 1.4568 0.855298
  2128 17.8698 1.42837 0.8352
  2129 17.8781 1.42974 0.818997
  2130 17.8865 1.44419 0.803179
  2131 17.8949 1.46434 0.82262
  2132 17.9033 1.44991 0.823931
  2133 17.9117 1.48496 0.821207
  2134 17.9201 1.48244 0.843395
  2135 17.9285 1.4591 0.844366
  2136 17.9369 1.48264 0.864977
  2137 17.9453 1.47916 0.771157
  2138 17.9537 1.4761 0.801002
  2139 17.9621 1.44695 0.781305
  2140 17.9705 1.45208 0.790683
  2141 17.9789 1.45198 0.818077
  2142 17.9873 1.46608 0.824059
  2143 17.9957 1.45844 0.811692
  2144 18.0041 1.49043 0.827585
  2145 18.0125 1.49398 0.849515
  2146 18.0209 1.46165 0.792181
  2147 18.0293 1.45011 0.777371
  2148 18.0377 1.47222 0.783737
  2149 18.0461 1.4824 0.801274
  2150 18.0545 1.45345 0.786418
  2151 18.0629 1.48974 0.807897
  2152 18.0713 1.48085 0.791002
  2153 18.0797 1.48628 0.855273
  2154 18.0881 1.49645 0.881514
  2155 18.0965 1.51855 0.830906
  2156 18.1049 1.46695 0.847223
  2157 18.1133 1.47117 0.83197
  2158 18.1217 1.4702 0.844763
  2159 18.1301 1.47356 0.84601
  2160 18.1385 1.49697 0.855218
  2161 18.1469 1.51301 0.921223
  2162 18.1553 1.48215 0.869945
  2163 18.1637 1.46411 0.827931
  2164 18.1721 1.46 0.832096
  2165 18.1805 1.42554 0.83657
  2166 18.1889 1.39035 0.812382
  2167 18.1973 1.40498 0.812445
  2168 18.2057 1.4056 0.844795
  2169 18.2141 1.42839 0.846513
  2170 18.2225 1.42364 0.87261
  2171 18.2309 1.37921 0.864608
  2172 18.2393 1.39336 0.850694
  2173 18.2477 1.42615 0.848354
  2174 18.2561 1.41125 0.854076
  2175 18.2645 1.44 0.871117
  2176 18.2729 1.44907 0.9047
  2177 18.2813 1.46376 0.895441
  2178 18.2897 1.47615 0.884694
  2179 18.2981 1.4819 0.878755
  2180 18.3065 1.47061 0.871141
  2181 18.3149 1.46601 0.841879
  2182 18.3233 1.4284 0.851701
  2183 18.3317 1.41965 0.853642
  2184 18.3401 1.45179 0.830009
  2185 18.3485 1.45293 0.865697
  2186 18.3569 1.44548 0.878611
  2187 18.3653 1.42135 0.818444
  2188 18.3737 1.42226 0.841354
  2189 18.3821 1.42906 0.823696
  2190 18.3905 1.43795 0.860267
  2191 18.3989 1.38541 0.820264
  2192 18.4073 1.36013 0.846745
  2193 18.4157 1.39519 0.840509
  2194 18.4241 1.43676 0.86369
  2195 18.4325 1.43106 0.840986
  2196 18.4409 1.37522 0.773836
  2197 18.4493 1.37787 0.78425
  2198 18.4577 1.4104 0.815854
  2199 18.4661 1.42779 0.846444
  2200 18.4745 1.39278 0.804934
  2201 18.4829 1.41824 0.813618
  2202 18.4913 1.38894 0.829179
  2203 18.4997 1.38976 0.856799
  2204 18.5081 1.37266 0.838112
  2205 18.5165 1.35892 0.815718
  2206 18.5249 1.40321 0.828342
  2207 18.5333 1.37486 0.800599
  2208 18.5417 1.41435 0.820486
  2209 18.5501 1.41047 0.812607
  2210 18.5585 1.41457 0.844563
  2211 18.5669 1.42582 0.802359
  2212 18.5753 1.3928 0.774436
  2213 18.5837 1.41696 0.771474
  2214 18.5921 1.43714 0.772524
  2215 18.6005 1.41403 0.788467
  2216 18.6089 1.39071 0.766206
  2217 18.6173 1.37569 0.796566
  2218 18.6257 1.38348 0.80256
  2219 18.6341 1.35987 0.784573
  2220 18.6425 1.36064 0.750379
  2221 18.6509 1.38731 0.768904
  2222 18.6593 1.35834 0.78042
  2223 18.6677 1.37694 0.798793
  2224 18.6761 1.39184 0.768965
  2225 18.6845 1.40111 0.746696
  2226 18.6929 1.4142 0.793515
  2227 18.7013 1.4222 0.747848
  2228 18.7097 1.37309 0.743794
  2229 18.7181 1.39471 0.786736
  2230 18.7265 1.406 0.844931
  2231 18.7349 1.40614 0.815046
  2232 18.7433 1.37825 0.76903
  2233 18.7517 1.37675 0.779107
  2234 18.7601 1.38324 0.766973
  2235 18.7685 1.36339 0.729663
  2236 18.7769 1.36708 0.777273
  2237 18.7853 1.38615 0.768201
  2238 18.7937 1.39528 0.769363
  2239 18.8021 1.40676 0.80741
  2240 18.8105 1.35891 0.754756
  2241 18.8189 1.37935 0.762289
  2242 18.8273 1.37104 0.73237
  2243 18.8357 1.3948 0.773727
  2244 18.8441 1.38548 0.736306
  2245 18.8525 1.40476 0.78282
  2246 18.8609 1.39987 0.747107
  2247 18.8693 1.37413 0.746434
  2248 18.8777 1.37415 0.768066
  2249 18.8861 1.35629 0.787219
  2250 18.8945 1.38101 0.790013
  2251 18.9029 1.3853 0.769413
  2252 18.9113 1.3651 0.790563
  2253 18.9197 1.34654 0.755965
  2254 18.9281 1.35442 0.764848
  2255 18.9365 1.34349 0.756679
  2256 18.9449 1.3623 0.728333
  2257 18.9533 1.40219 0.741945
  2258 18.9617 1.44417 0.749595
  2259 18.9701 1.39583 0.7494
  2260 18.9785 1.37625 0.780641
  2261 18.9869 1.39298 0.762227
  2262 18.9953 1.35078 0.736539
  2263 19.0037 1.36941 0.720965
  2264 19.0121 1.40354 0.729179
  2265 19.0205 1.39715 0.71698
  2266 19.0289 1.38342 0.749366
  2267 19.0373 1.44477 0.734607
  2268 19.0457 1.44691 0.704324
  2269 19.0541 1.42575 0.752891
  2270 19.0625 1.43414 0.748531
  2271 19.0709 1.46861 0.753062
  2272 19.0793 1.4349 0.69303
  2273 19.0877 1.43209 0.712606
  2274 19.0961 1.40539 0.74352
  2275 19.1045 1.46338 0.820557
  2276 19.1129 1.42664 0.788061
  2277 19.1213 1.4266 0.759178
  2278 19.1297 1.43406 0.774681
  2279 19.1381 1.41231 0.738843
  2280 19.1465 1.4227 0.736715
  2281 19.1549 1.41968 0.7818
  2282 19.1633 1.37211 0.695455
  2283 19.1717 1.40643 0.711575
  2284 19.1801 1.4052 0.732222
  2285 19.1885 1.43245 0.8003
  2286 19.1969 1.42385 0.77768
  2287 19.2053 1.4404 0.754236
  2288 19.2137 1.43955 0.77384
  2289 19.2221 1.38695 0.702145
  2290 19.2305 1.4157 0.698973
  2291 19.2389 1.4327 0.697186
  2292 19.2473 1.4381 0.770647
  2293 19.2557 1.42691 0.761912
  2294 19.2641 1.43647 0.782887
  2295 19.2725 1.39696 0.727877
  2296 19.2809 1.38955 0.731165
  2297 19.2893 1.40263 0.719127
  2298 19.2977 1.48371 0.747209
  2299 19.306 1.4703 0.758099
  2300 19.3144 1.42771 0.721098
  2301 19.3228 1.44558 0.688524
  2302 19.3312 1.40237 0.685161
  2303 19.3396 1.40829 0.677672
  2304 19.348 1.4139 0.701686
  2305 19.3564 1.36284 0.722812
  2306 19.3648 1.35708 0.683652
  2307 19.3732 1.35001 0.699949
  2308 19.3816 1.34672 0.636496
  2309 19.39 1.35421 0.672195
  2310 19.3984 1.343 0.6903
  2311 19.4068 1.34357 0.678319
  2312 19.4152 1.35844 0.697342
  2313 19.4236 1.36637 0.688051
  2314 19.432 1.376 0.726794
  2315 19.4404 1.32875 0.682805
  2316 19.4488 1.32334 0.647775
  2317 19.4572 1.32442 0.689356
  2318 19.4656 1.365 0.711368
  2319 19.474 1.33219 0.682585
  2320 19.4824 1.35872 0.6812
  2321 19.4908 1.3442 0.700392
  2322 19.4992 1.33761 0.727849
  2323 19.5076 1.30196 0.726059
  2324 19.516 1.28916 0.659621
  2325 19.5244 1.31724 0.683141
  2326 19.5328 1.29335 0.660479
  2327 19.5412 1.28052 0.648078
  2328 19.5496 1.27333 0.646394
  2329 19.558 1.29216 0.654632
  2330 19.5664 1.26644 0.657043
  2331 19.5748 1.29111 0.692886
  2332 19.5832 1.32068 0.70446
  2333 19.5916 1.28771 0.666919
  2334 19.6 1.2865 0.622578
  2335 19.6084 1.26971 0.629375
  2336 19.6168 1.26477 0.597743
  2337 19.6252 1.25175 0.618072
  2338 19.6336 1.27751 0.639985
  2339 19.642 1.22571 0.620171
  2340 19.6504 1.24924 0.61562
  2341 19.6588 1.23856 0.617322
  2342 19.6672 1.24382 0.630129
  2343 19.6756 1.28296 0.64537
  2344 19.684 1.29424 0.608207
  2345 19.6924 1.28489 0.601289
  2346 19.7008 1.28561 0.597649
  2347 19.7092 1.28196 0.551449
  2348 19.7176 1.30271 0.600771
  2349 19.726 1.30936 0.591847
  2350 19.7344 1.29165 0.594954
  2351 19.7428 1.28209 0.558896
  2352 19.7512 1.28373 0.567898
  2353 19.7596 1.28866 0.56312
  2354 19.768 1.29082 0.572144
  2355 19.7764 1.2768 0.567467
  2356 19.7848 1.30736 0.523838
  2357 19.7932 1.3093 0.540136
  2358 19.8016 1.31608 0.583622
  2359 19.81 1.30175 0.561819
  2360 19.8184 1.31139 0.574371
  2361 19.8268 1.30881 0.588566
  2362 19.8352 1.25699 0.545066
  2363 19.8436 1.27059 0.553088
  2364 19.852 1.30545 0.597288
  2365 19.8604 1.34288 0.614635
  2366 19.8688 1.33354 0.638221
  2367 19.8772 1.31031 0.625737
  2368 19.8856 1.27917 0.592451
  2369 19.894 1.28466 0.570369
  2370 19.9024 1.2588 0.536196
  2371 19.9108 1.24513 0.583211
  2372 19.9192 1.21586 0.563777
  2373 19.9276 1.23584 0.581773
  2374 19.936 1.26608 0.584016
  2375 19.9444 1.26035 0.595156
  2376 19.9528 1.24515 0.556652
  2377 19.9612 1.22602 0.539347
  2378 19.9696 1.21469 0.532342
  2379 19.978 1.23151 0.513961
  2380 19.9864 1.23876 0.538138
  2381 19.9948 1.26451 0.525305
  2382 20.0032 1.2401 0.482405
  2383 20.0116 1.22037 0.488952
  2384 20.02 1.25758 0.540615
  2385 20.0284 1.24906 0.509403
  2386 20.0368 1.24269 0.511221
  2387 20.0452 1.23156 0.494199
  2388 20.0536 1.22446 0.502592
  2389 20.062 1.24014 0.491368
  2390 20.0704 1.22097 0.462378
  2391 20.0788 1.21474 0.430931
  2392 20.0872 1.23405 0.419089
  2393 20.0956 1.21612 0.458733
  2394 20.104 1.26873 0.496177
  2395 20.1124 1.25608 0.480932
  2396 20.1208 1.2273 0.453618
  2397 20.1292 1.22799 0.433069
  2398 20.1376 1.24762 0.45828
  2399 20.146 1.20789 0.44265
  2400 20.1544 1.18719 0.453917
  2401 20.1628 1.19625 0.430235
  2402 20.1712 1.2012 0.446838
  2403 20.1796 1.1476 0.437402
  2404 20.188 1.1785 0.455085
  2405 20.1964 1.19694 0.4522
  2406 20.2048 1.20451 0.459151
  2407 20.2132 1.22219 0.433947
  2408 20.2216 1.20095 0.45291
  2409 20.23 1.17823 0.452099
  2410 20.2384 1.21897 0.399706
  2411 20.2468 1.21931 0.445385
  2412 20.2552 1.19256 0.469753
  2413 20.2636 1.18541 0.449328
  2414 20.272 1.2086 0.498243
  2415 20.2804 1.19264 0.485656
  2416 20.2888 1.20592 0.478702
  2417 20.2972 1.24686 0.493885
  2418 20.3056 1.28051 0.455735
  2419 20.314 1.21335 0.442389
  2420 20.3224 1.22601 0.437494
  2421 20.3308 1.20281 0.447909
  2422 20.3392 1.22516 0.430158
  2423 20.3476 1.20423 0.46504
  2424 20.356 1.18994 0.44445
  2425 20.3644 1.20645 0.447686
  2426 20.3728 1.18685 0.448005
  2427 20.3812 1.16305 0.468129
  2428 20.3896 1.17061 0.474142
  2429 20.398 1.18469 0.439981
  2430 20.4064 1.16505 0.401729
  2431 20.4148 1.15847 0.419113
  2432 20.4232 1.14003 0.391363
  2433 20.4316 1.1584 0.398487
  2434 20.44 1.13069 0.366978
  2435 20.4484 1.11279 0.376654
  2436 20.4568 1.1405 0.399336
  2437 20.4652 1.13665 0.404519
  2438 20.4736 1.11793 0.407386
  2439 20.482 1.12521 0.386207
  2440 20.4904 1.10956 0.365966
  2441 20.4988 1.09056 0.364329
  2442 20.5072 1.1108 0.349411
  2443 20.5156 1.11131 0.346894
  2444 20.524 1.13597 0.332229
  2445 20.5324 1.15545 0.361423
  2446 20.5408 1.1602 0.352538
  2447 20.5492 1.15978 0.375984
  2448 20.5576 1.194 0.400412
  2449 20.566 1.21931 0.374195
  2450 20.5744 1.17253 0.339625
  2451 20.5828 1.1897 0.355085
  2452 20.5912 1.1809 0.377827
  2453 20.5996 1.19144 0.354665
  2454 20.608 1.1723 0.332571
  2455 20.6164 1.15682 0.351671
  2456 20.6248 1.17816 0.369468
  2457 20.6332 1.14694 0.387914
  2458 20.6416 1.19896 0.383441
  2459 20.65 1.18077 0.412512
  2460 20.6584 1.15067 0.408295
  2461 20.6668 1.17055 0.422718
  2462 20.6752 1.1791 0.437045
  2463 20.6836 1.1569 0.421998
  2464 20.692 1.1401 0.380918
  2465 20.7004 1.15056 0.401578
  2466 20.7088 1.2009 0.431228
  2467 20.7172 1.20385 0.426112
  2468 20.7256 1.17466 0.398932
  2469 20.734 1.17285 0.411101
  2470 20.7423 1.16185 0.366288
  2471 20.7507 1.1468 0.383229
  2472 20.7591 1.14312 0.329638
  2473 20.7675 1.13597 0.336757
  2474 20.7759 1.12199 0.340639
  2475 20.7843 1.12403 0.329468
  2476 20.7927 1.10525 0.308401
  2477 20.8011 1.0877 0.310705
  2478 20.8095 1.08213 0.29882
  2479 20.8179 1.08446 0.321373
  2480 20.8263 1.06564 0.333048
  2481 20.8347 1.0357 0.357329
  2482 20.8431 1.0496 0.322201
  2483 20.8515 1.02723 0.329824
  2484 20.8599 1.04567 0.322112
  2485 20.8683 1.04353 0.339127
  2486 20.8767 1.06645 0.337859
  2487 20.8851 1.07404 0.314584
  2488 20.8935 1.0342 0.300514
  2489 20.9019 1.07275 0.304803
  2490 20.9103 1.04131 0.325581
  2491 20.9187 1.02218 0.297927
  2492 20.9271 1.01609 0.300747
  2493 20.9355 1.01161 0.283984
  2494 20.9439 0.996413 0.288086
  2495 20.9523 0.98455 0.270029
  2496 20.9607 0.972638 0.255788
  2497 20.9691 0.9475 0.231913
  2498 20.9775 0.952025 0.251823
  2499 20.9859 0.945975 0.239754
  2500 20.9943 0.958925 0.228564
  2501 21.0027 0.942388 0.211024
  2502 21.0111 0.940388 0.17434
  2503 21.0195 0.904863 0.207101
  2504 21.0279 0.924687 0.217313
  2505 21.0363 0.943488 0.257832
  2506 21.0447 0.928063 0.27849
  2507 21.0531 0.934412 0.300999
  2508 21.0615 0.941913 0.265956
  2509 21.0699 0.916325 0.242181
  2510 21.0783 0.898463 0.225205
  2511 21.0867 0.901525 0.191152
  2512 21.0951 0.88235 0.234966
  2513 21.1035 0.887475 0.21957
  2514 21.1119 0.854688 0.212178
  2515 21.1203 0.854463 0.208187
  2516 21.1287 0.869575 0.184737
  2517 21.1371 0.8292 0.205257
  2518 21.1455 0.857638 0.190866
  2519 21.1539 0.838387 0.201109
  2520 21.1623 0.866788 0.21063
  2521 21.1707 0.864275 0.242437
  2522 21.1791 0.868575 0.246947
  2523 21.1875 0.843463 0.201412
  2524 21.1959 0.80895 0.191052
  2525 21.2043 0.818213 0.187918
  2526 21.2127 0.810137 0.19918
  2527 21.2211 0.819887 0.209979
  2528 21.2295 0.818588 0.211149
  2529 21.2379 0.812775 0.222004
  2530 21.2463 0.82785 0.224214
  2531 21.2547 0.806625 0.215293
  2532 21.2631 0.768225 0.196184
  2533 21.2715 0.784563 0.183738
  2534 21.2799 0.794275 0.17055
  2535 21.2883 0.81575 0.186834
  2536 21.2967 0.788837 0.204993
  2537 21.3051 0.79005 0.181766
  2538 21.3135 0.785913 0.162375
  2539 21.3219 0.807212 0.20797
  2540 21.3303 0.803412 0.190849
  2541 21.3387 0.796075 0.171818
  2542 21.3471 0.831412 0.18501
  2543 21.3555 0.821087 0.210927
  2544 21.3639 0.8571 0.217839
  2545 21.3723 0.869663 0.228492
  2546 21.3807 0.855313 0.197568
  2547 21.3891 0.8625 0.214729
  2548 21.3975 0.865325 0.221784
  2549 21.4059 0.836562 0.217824
  2550 21.4143 0.84325 0.219628
  2551 21.4227 0.847387 0.195487
  2552 21.4311 0.861 0.224114
  2553 21.4395 0.848087 0.178027
  2554 21.4479 0.838387 0.208784
  2555 21.4563 0.88855 0.218297
  2556 21.4647 0.903787 0.19402
  2557 21.4731 0.914388 0.21193
  2558 21.4815 0.895938 0.243743
  2559 21.4899 0.898312 0.223438
  2560 21.4983 0.912225 0.245237
  2561 21.5067 0.915512 0.196763
  2562 21.5151 0.899238 0.171256
  2563 21.5235 0.925125 0.166685
  2564 21.5319 0.9136 0.165307
  2565 21.5403 0.920063 0.134705
  2566 21.5487 0.922063 0.125629
  2567 21.5571 0.937875 0.130244
  2568 21.5655 0.940225 0.161766
  2569 21.5739 0.917925 0.182239
  2570 21.5823 0.935688 0.196744
  2571 21.5907 0.912312 0.174548
  2572 21.5991 0.969263 0.166333
  2573 21.6075 0.92425 0.141474
  2574 21.6159 0.922262 0.152095
  2575 21.6243 0.95455 0.170384
  2576 21.6327 0.922312 0.180337
  2577 21.6411 0.8969 0.149704
  2578 21.6495 0.881925 0.161174
  2579 21.6579 0.893125 0.174474
  2580 21.6663 0.912737 0.187641
  2581 21.6747 0.894162 0.164547
  2582 21.6831 0.90375 0.148385
  2583 21.6915 0.920875 0.113203
  2584 21.6999 0.888763 0.144376
  2585 21.7083 0.899575 0.157807
  2586 21.7167 0.922225 0.131513
  2587 21.7251 0.888075 0.136852
  2588 21.7335 0.87495 0.146701
  2589 21.7419 0.852337 0.13692
  2590 21.7503 0.870475 0.143454
  2591 21.7587 0.880888 0.154289
  2592 21.7671 0.8903 0.159574
  2593 21.7755 0.842625 0.118477
  2594 21.7839 0.81285 0.108794
  2595 21.7923 0.810887 0.101317
  2596 21.8007 0.821263 0.0865679
  2597 21.8091 0.806525 0.0930031
  2598 21.8175 0.790663 0.120492
  2599 21.8259 0.807412 0.137106
  2600 21.8343 0.800663 0.147494
  2601 21.8427 0.796625 0.141275
  2602 21.8511 0.753713 0.150068
  2603 21.8595 0.75775 0.146886
  2604 21.8679 0.757838 0.10127
  2605 21.8763 0.7639 0.101459
  2606 21.8847 0.731263 0.116944
  2607 21.8931 0.71285 0.120822
  2608 21.9015 0.70565 0.119675
  2609 21.9099 0.6914 0.123572
  2610 21.9183 0.673338 0.112268
  2611 21.9267 0.661075 0.142865
  2612 21.9351 0.664375 0.108283
  2613 21.9435 0.634813 0.0870149
  2614 21.9519 0.62575 0.0970244
  2615 21.9603 0.606237 0.0861788
  2616 21.9687 0.6125 0.0826886
  2617 21.9771 0.587363 0.109177
  2618 21.9855 0.553288 0.101892
  2619 21.9939 0.53115 0.0776637
  2620 22.0023 0.518487 0.0655722
  2621 22.0107 0.534025 0.0896632
  2622 22.0191 0.535388 0.0941238
  2623 22.0275 0.510337 0.0749363
  2624 22.0359 0.516763 0.0838025
  2625 22.0443 0.52765 0.125544
  2626 22.0527 0.495088 0.105752
  2627 22.0611 0.498837 0.089095
  2628 22.0695 0.475712 0.0640493
  2629 22.0779 0.448987 0.05538
  2630 22.0863 0.437625 0.0658833
  2631 22.0947 0.439475 0.0710198
  2632 22.1031 0.430175 0.0702604
  2633 22.1115 0.423988 0.0595188
  2634 22.1199 0.401112 0.0419952
  2635 22.1283 0.408938 0.0580273
  2636 22.1367 0.38225 0.0418285
  2637 22.1451 0.385825 0.0509485
  2638 22.1535 0.386313 0.0571813
  2639 22.1619 0.377638 0.0706946
  2640 22.1702 0.371125 0.0521676
  2641 22.1786 0.352425 0.0591493
  2642 22.187 0.336238 0.0766042
  2643 22.1954 0.320138 0.0737659
  2644 22.2038 0.305088 0.0614665
  2645 22.2122 0.280438 0.0595511
  2646 22.2206 0.27335 0.0498167
  2647 22.229 0.276587 0.0331726
  2648 22.2374 0.28535 0.0509561
  2649 22.2458 0.286838 0.0276397
  2650 22.2542 0.266338 0.0416231
  2651 22.2626 0.25275 0.0345531
  2652 22.271 0.269412 0.0289783
  2653 22.2794 0.276112 0.0410089
  2654 22.2878 0.27615 0.0690706
  2655 22.2962 0.26865 0.0260375
  2656 22.3046 0.271313 0.028804
  2657 22.313 0.263887 0.0187135
  2658 22.3214 0.258675 0.0199421
  2659 22.3298 0.255063 0.038055
  2660 22.3382 0.242512 0.0363948
  2661 22.3466 0.247425 0.0357568
  2662 22.355 0.245875 0.0370213
  2663 22.3634 0.228625 0.0357114
  2664 22.3718 0.235863 0.0297347
  2665 22.3802 0.2278 0.0458946
  2666 22.3886 0.213312 0.0493427
  2667 22.397 0.212363 0.0394916
  2668 22.4054 0.23065 0.0541341
  2669 22.4138 0.214262 0.0522952
  2670 22.4222 0.194763 0.034782
  2671 22.4306 0.205625 0.0464462
  2672 22.439 0.191463 0.0229015
  2673 22.4474 0.170625 0.0151385
  2674 22.4558 0.168125 0.0126723
  2675 22.4642 0.162463 0.0228604
  2676 22.4726 0.1659 0.0312335
  2677 22.481 0.149562 0.0131777
  2678 22.4894 0.160713 0.00287561
  2679 22.4978 0.143237 0.00604106
  2680 22.5062 0.137225 0.0218991
  2681 22.5146 0.14545 0.0377782
  2682 22.523 0.126913 0.0361423
  2683 22.5314 0.121875 0.025115
  2684 22.5398 0.117275 0.0150411
  2685 22.5482 0.113037 0.0241092
  2686 22.5566 0.105313 0.0261459
  2687 22.565 0.103725 0.023858
  2688 22.5734 0.097525 0.0175177
  2689 22.5818 0.0926125 0.0093122
  2690 22.5902 0.0957125 0.0110167
  2691 22.5986 0.09425 0.0129284
  2692 22.607 0.086575 0.0147118
  2693 22.6154 0.0776125 0.00787743
  2694 22.6238 0.0790125 0.00656314
  2695 22.6322 0.0729375 0.0101085
  2696 22.6406 0.0652375 0.0111925
  2697 22.649 0.0691375 0.0198118
  2698 22.6574 0.065125 0.00877486
  2699 22.6658 0.0632375 0.00485724
  2700 22.6742 0.06445 -0.00864098
  2701 22.6826 0.0531 -0.00913212
  2702 22.691 0.053325 -0.0035485
  2703 22.6994 0.05715 -0.0022164
  2704 22.7078 0.04885 0.0019901
  2705 22.7162 0.0376375 -0.00192206
  2706 22.7246 0.036475 -0.00585415
  2707 22.733 0.0372875 -0.00753932
  2708 22.7414 0.0381875 -0.00663925
  2709 22.7498 0.0335625 -0.000558314
  2710 22.7582 0.028325 -0.000579774
  2711 22.7666 0.026475 0.00090569
  2712 22.775 0.0318125 0.00216528
  2713 22.7834 0.0269625 0.00430463
  2714 22.7918 0.02135 0.00534393
  2715 22.8002 0.0206875 0.00881934
  2716 22.8086 0.021075 0.00881832
  2717 22.817 0.01835 0.00851929
  2718 22.8254 0.0158625 0.00229743
  2719 22.8338 0.016825 0.00270858
  2720 22.8422 0.0139375 0.00267679
  2721 22.8506 0.0110625 0.00291833
  2722 22.859 0.0109 0.000660797
  2723 22.8674 0.0097875 -1.35116e-06
  2724 22.8758 0.0100125 0.00114393
  2725 22.8842 0.0106875 0.00202696
  2726 22.8926 0.0077 0.000868661
  2727 22.901 0.0070625 0.000812466
  2728 22.9094 0.0069375 -0.00159894
  2729 22.9178 0.004525 -0.00134824
  2730 22.9262 0.0049875 -0.00283663
  2731 22.9346 0.0054625 -0.00144531
  2732 22.943 0.002975 -0.000773151
  2733 22.9514 0.001725 -0.00108002
  2734 22.9598 0.0022875 -0.00199531
  2735 22.9682 0.0026625 -0.00289633
  2736 22.9766 0.00055 -0.000383134
  2737 22.985 0.00055 -0.000246222
  2738 22.9934 0.0009 -0.000422122
  2739 23.0018 0.0001875 -3.60229e-05
  2740 23.0102 0.0001875 2.10643e-07
  2741 23.0186 0.000175 -1.13523e-05
  2742 23.027 0.0001875 5.70903e-06
  2743 23.0354 0.000175 1.65541e-05
  2744 23.0438 0.000175 1.46248e-05
  2745 23.0522 0.0002 1.3246e-05
  2746 23.0606 0.0002 2.54386e-05
  2747 23.069 0.0002375 2.24705e-05
  2748 23.0774 0.0002875 1.51109e-05
  2749 23.0858 0.0019125 -0.000310607
  2750 23.0942 0.000425 -0.000241921
  2751 23.1026 0.0006 -0.000352878
  2752 23.111 0.00035 -0.000206303
  2753 23.1194 0 0
  2754 23.1278 0 0
  2755 23.1362 0 0
  2756 23.1446 0 0
  2757 23.153 0 0
  2758 23.1614 0 0
  2759 23.1698 0 0
  2760 23.1782 0 0
  2761 23.1866 0 0
  2762 23.195 0 0
  2763 23.2034 0 0
  2764 23.2118 0 0
  2765 23.2202 0 0
  2766 23.2286 0 0
  2767 23.237 0 0
  2768 23.2454 0 0
  2769 23.2538 0 0
  2770 23.2622 0 0
  2771 23.2706 0 0
  2772 23.279 0 0
  2773 23.2874 0 0
  2774 23.2958 0 0
  2775 23.3042 0 0
  2776 23.3126 0 0
  2777 23.321 0 0
  2778 23.3294 0 0
  2779 23.3378 0 0
  2780 23.3462 0 0
  2781 23.3546 0 0
  2782 23.363 0 0
  2783 23.3714 0 0
  2784 23.3798 0 0
  2785 23.3882 0 0
  2786 23.3966 0 0
  2787 23.405 0 0
  2788 23.4134 0 0
  2789 23.4218 0 0
  2790 23.4302 0 0
  2791 23.4386 0 0
  2792 23.447 0 0
  2793 23.4554 0 0
  2794 23.4638 0 0
  2795 23.4722 0 0
  2796 23.4806 0 0
  2797 23.489 0 0
  2798 23.4974 0 0
  2799 23.5058 0 0
  2800 23.5142 0 0
  2801 23.5226 0 0
  2802 23.531 0 0
  2803 23.5394 0 0
  2804 23.5478 0 0
  2805 23.5562 0 0
  2806 23.5646 0 0
  2807 23.573 0 0
  2808 23.5814 0 0
  2809 23.5898 0 0
  2810 23.5981 0 0
  2811 23.6065 0 0
  2812 23.6149 0 0
  2813 23.6233 0 0
  2814 23.6317 0 0
  2815 23.6401 0 0
  2816 23.6485 0 0
  2817 23.6569 0 0
  2818 23.6653 0 0
  2819 23.6737 0 0
  2820 23.6821 0 0
  2821 23.6905 0 0
  2822 23.6989 0 0
  2823 23.7073 0 0
  2824 23.7157 0 0
  2825 23.7241 0 0
  2826 23.7325 0 0
  2827 23.7409 0 0
  2828 23.7493 0 0
  2829 23.7577 0 0
  2830 23.7661 0 0
  2831 23.7745 0 0
  2832 23.7829 0 0
  2833 23.7913 0 0
  2834 23.7997 0 0
  2835 23.8081 0 0
  2836 23.8165 0 0
  2837 23.8249 0 0
  2838 23.8333 0 0
  2839 23.8417 0 0
  2840 23.8501 0 0
  2841 23.8585 0 0
  2842 23.8669 0 0
  2843 23.8753 0 0
  2844 23.8837 0 0
  2845 23.8921 0 0
  2846 23.9005 0 0
  2847 23.9089 0 0
  2848 23.9173 0 0
  2849 23.9257 0 0
  2850 23.9341 0 0
  2851 23.9425 0 0
  2852 23.9509 0 0
  2853 23.9593 0 0
  2854 23.9677 0 0
  2855 23.9761 0 0
  2856 23.9845 0 0
  2857 23.9929 0 0
  2858 24.0013 0 0
  2859 24.0097 0 0
  2860 24.0181 0 0
  2861 24.0265 0 0
  2862 24.0349 0 0
  2863 24.0433 0 0
  2864 24.0517 0 0
  2865 24.0601 0 0
  2866 24.0685 0 0
  2867 24.0769 0 0
  2868 24.0853 0 0
  2869 24.0937 0 0
  2870 24.1021 0 0
  2871 24.1105 0 0
  2872 24.1189 0 0
  2873 24.1273 0 0
  2874 24.1357 0 0
  2875 24.1441 0 0
  2876 24.1525 0 0
  2877 24.1609 0 0
  2878 24.1693 0 0
  2879 24.1777 0 0
  2880 24.1861 0 0
  2881 24.1945 0 0
  2882 24.2029 0 0
  2883 24.2113 0 0
  2884 24.2197 0 0
  2885 24.2281 0 0
  2886 24.2365 0 0
  2887 24.2449 0 0
  2888 24.2533 0 0
  2889 24.2617 0 0
  2890 24.2701 0 0
  2891 24.2785 0 0
  2892 24.2869 0 0
  2893 24.2953 0 0
  2894 24.3037 0 0
  2895 24.3121 0 0
  2896 24.3205 0 0
  2897 24.3289 0 0
  2898 24.3373 0 0
  2899 24.3457 0 0
  2900 24.3541 0 0
  2901 24.3625 0 0
  2902 24.3709 0 0
  2903 24.3793 0 0
  2904 24.3877 0 0
  2905 24.3961 0 0
  2906 24.4045 0 0
  2907 24.4129 0 0
  2908 24.4213 0 0
  2909 24.4297 0 0
  2910 24.4381 0 0
  2911 24.4465 0 0
  2912 24.4549 0 0
  2913 24.4633 0 0
  2914 24.4717 0 0
  2915 24.4801 0 0
  2916 24.4885 0 0
  2917 24.4969 0 0
  2918 24.5053 0 0
  2919 24.5137 0 0
  2920 24.5221 0 0
  2921 24.5305 0 0
  2922 24.5389 0 0
  2923 24.5473 0 0
  2924 24.5557 0 0
  2925 24.5641 0 0
  2926 24.5725 0 0
  2927 24.5809 0 0
  2928 24.5893 0 0
  2929 24.5977 0 0
  2930 24.6061 0 0
  2931 24.6145 0 0
  2932 24.6229 0 0
  2933 24.6313 0 0
  2934 24.6397 0 0
  2935 24.6481 0 0
  2936 24.6565 0 0
  2937 24.6649 0 0
  2938 24.6733 0 0
  2939 24.6817 0 0
  2940 24.6901 0 0
  2941 24.6985 0 0
  2942 24.7069 0 0
  2943 24.7153 0 0
  2944 24.7237 0 0
  2945 24.7321 0 0
  2946 24.7405 0 0
  2947 24.7489 0 0
  2948 24.7573 0 0
  2949 24.7657 0 0
  2950 24.7741 0 0
  2951 24.7825 0 0
  2952 24.7909 0 0
  2953 24.7993 0 0
  2954 24.8077 0 0
  2955 24.8161 0 0
  2956 24.8245 0 0
  2957 24.8329 0 0
  2958 24.8413 0 0
  2959 24.8497 0 0
  2960 24.8581 0 0
  2961 24.8665 0 0
  2962 24.8749 0 0
  2963 24.8833 0 0
  2964 24.8917 0 0
  2965 24.9001 0 0
  2966 24.9085 0 0
  2967 24.9169 0 0
  2968 24.9253 0 0
  2969 24.9337 0 0
  2970 24.9421 0 0
  2971 24.9505 0 0
  2972 24.9589 0 0
  2973 24.9673 0 0
  2974 24.9757 0 0
  2975 24.9841 0 0
  2976 24.9925 0 0
  2977 25.0009 0 0
  2978 25.0093 0 0
  2979 25.0177 0 0
  2980 25.026 0 0
  2981 25.0344 0 0
  2982 25.0428 0 0
  2983 25.0512 0 0
  2984 25.0596 0 0
  2985 25.068 0 0
  2986 25.0764 0 0
  2987 25.0848 0 0
  2988 25.0932 0 0
  2989 25.1016 0 0
  2990 25.11 0 0
  2991 25.1184 0 0
  2992 25.1268 0 0
  2993 25.1352 0 0
  2994 25.1436 0 0
  2995 25.152 0 0
  2996 25.1604 0 0
  2997 25.1688 0 0
  2998 25.1772 0 0
  2999 25.1856 0 0
  3000 25.194 0 0
  3001 25.2024 0 0
  3002 25.2108 0 0
  3003 25.2192 0 0
  3004 25.2276 0 0
  3005 25.236 0 0
  3006 25.2444 0 0
  3007 25.2528 0 0
  3008 25.2612 0 0
  3009 25.2696 0 0
  3010 25.278 0 0
  3011 25.2864 0 0
  3012 25.2948 0 0
  3013 25.3032 0 0
  3014 25.3116 0 0
  3015 25.32 0 0
  3016 25.3284 0 0
  3017 25.3368 0 0
  3018 25.3452 0 0
  3019 25.3536 0 0
  3020 25.362 0 0
  3021 25.3704 0 0
  3022 25.3788 0 0
  3023 25.3872 0 0
  3024 25.3956 0 0
  3025 25.404 0 0
  3026 25.4124 0 0
  3027 25.4208 0 0
  3028 25.4292 0 0
  3029 25.4376 0 0
  3030 25.446 0 0
  3031 25.4544 0 0
  3032 25.4628 0 0
  3033 25.4712 0 0
  3034 25.4796 0 0
  3035 25.488 0 0
  3036 25.4964 0 0
  3037 25.5048 0 0
  3038 25.5132 0 0
  3039 25.5216 0 0
  3040 25.53 0 0
  3041 25.5384 0 0
  3042 25.5468 0 0
  3043 25.5552 0 0
  3044 25.5636 0 0
  3045 25.572 0 0
  3046 25.5804 0 0
  3047 25.5888 0 0
  3048 25.5972 0 0
  3049 25.6056 0 0
  3050 25.614 0 0
  3051 25.6224 0 0
  3052 25.6308 0 0
  3053 25.6392 0 0
  3054 25.6476 0 0
  3055 25.656 0 0
  3056 25.6644 0 0
  3057 25.6728 0 0
  3058 25.6812 0 0
  3059 25.6896 0 0
  3060 25.698 0 0
  3061 25.7064 0 0
  3062 25.7148 0 0
  3063 25.7232 0 0
  3064 25.7316 0 0
  3065 25.74 0 0
  3066 25.7484 0 0
  3067 25.7568 0 0
  3068 25.7652 0 0
  3069 25.7736 0 0
  3070 25.782 0 0
  3071 25.7904 0 0
  3072 25.7988 0 0
  3073 25.8072 0 0
  3074 25.8156 0 0
  3075 25.824 0 0
  3076 25.8324 0 0
  3077 25.8408 0 0
  3078 25.8492 0 0
  3079 25.8576 0 0
  3080 25.866 0 0
  3081 25.8744 0 0
  3082 25.8828 0 0
  3083 25.8912 0 0
  3084 25.8996 0 0
  3085 25.908 0 0
  3086 25.9164 0 0
  3087 25.9248 0 0
  3088 25.9332 0 0
  3089 25.9416 0 0
  3090 25.95 0 0
  3091 25.9584 0 0
  3092 25.9668 0 0
  3093 25.9752 0 0
  3094 25.9836 0 0
  3095 25.992 0 0
  3096 26.0004 0 0
  3097 26.0088 0 0
  3098 26.0172 0 0
  3099 26.0256 0 0
  3100 26.034 0 0
  3101 26.0424 0 0
  3102 26.0508 0 0
  3103 26.0592 0 0
  3104 26.0676 0 0
  3105 26.076 0 0
  3106 26.0844 0 0
  3107 26.0928 0 0
  3108 26.1012 0 0
  3109 26.1096 0 0
  3110 26.118 0 0
  3111 26.1264 0 0
  3112 26.1348 0 0
  3113 26.1432 0 0
  3114 26.1516 0 0
  3115 26.16 0 0
  3116 26.1684 0 0
  3117 26.1768 0 0
  3118 26.1852 0 0
  3119 26.1936 0 0
  3120 26.202 0 0
  3121 26.2104 0 0
  3122 26.2188 0 0
  3123 26.2272 0 0
  3124 26.2356 0 0
  3125 26.244 0 0
  3126 26.2524 0 0
  3127 26.2608 0 0
  3128 26.2692 0 0
  3129 26.2776 0 0
  3130 26.286 0 0
  3131 26.2944 0 0
  3132 26.3028 0 0
  3133 26.3112 0 0
  3134 26.3196 0 0
  3135 26.328 0 0
  3136 26.3364 0 0
  3137 26.3448 0 0
  3138 26.3532 0 0
  3139 26.3616 0 0
  3140 26.37 0 0
  3141 26.3784 0 0
  3142 26.3868 0 0
  3143 26.3952 0 0
  3144 26.4036 0 0
  3145 26.412 0 0
  3146 26.4204 0 0
  3147 26.4288 0 0
  3148 26.4372 0 0
  3149 26.4456 0 0
  3150 26.454 0 0
  3151 26.4623 0 0
  3152 26.4707 0 0
  3153 26.4791 0 0
  3154 26.4875 0 0
  3155 26.4959 0 0
  3156 26.5043 0 0
  3157 26.5127 0 0
  3158 26.5211 0 0
  3159 26.5295 0 0
  3160 26.5379 0 0
  3161 26.5463 0 0
  3162 26.5547 0 0
  3163 26.5631 0 0
  3164 26.5715 0 0
  3165 26.5799 0 0
  3166 26.5883 0 0
  3167 26.5967 0 0
  3168 26.6051 0 0
  3169 26.6135 0 0
  3170 26.6219 0 0
  3171 26.6303 0 0
  3172 26.6387 0 0
  3173 26.6471 0 0
  3174 26.6555 0 0
  3175 26.6639 0 0
  3176 26.6723 0 0
  3177 26.6807 0 0
  3178 26.6891 0 0
  3179 26.6975 0 0
  3180 26.7059 0 0
  3181 26.7143 0 0
  3182 26.7227 0 0
  3183 26.7311 0 0
  3184 26.7395 0 0
  3185 26.7479 0 0
  3186 26.7563 0 0
  3187 26.7647 0 0
  3188 26.7731 0 0
  3189 26.7815 0 0
  3190 26.7899 0 0
  3191 26.7983 0 0
  3192 26.8067 0 0
  3193 26.8151 0 0
  3194 26.8235 0 0
  3195 26.8319 0 0
  3196 26.8403 0 0
  3197 26.8487 0 0
  3198 26.8571 0 0
  3199 26.8655 0 0
  3200 26.8739 0 0
  3201 26.8823 0 0
  3202 26.8907 0 0
  3203 26.8991 0 0
  3204 26.9075 0 0
  3205 26.9159 0 0
  3206 26.9243 0 0
  3207 26.9327 0 0
  3208 26.9411 0 0
  3209 26.9495 0 0
  3210 26.9579 0 0
  3211 26.9663 0 0
  3212 26.9747 0 0
  3213 26.9831 0 0
  3214 26.9915 0 0
  3215 26.9999 0 0
  3216 27.0083 0 0
  3217 27.0167 0 0
  3218 27.0251 0 0
  3219 27.0335 0 0
  3220 27.0419 0 0
  3221 27.0503 0 0
  3222 27.0587 0 0
  3223 27.0671 0 0
  3224 27.0755 0 0
  3225 27.0839 0 0
  3226 27.0923 0 0
  3227 27.1007 0 0
  3228 27.1091 0 0
  3229 27.1175 0 0
  3230 27.1259 0 0
  3231 27.1343 0 0
  3232 27.1427 0 0
  3233 27.1511 0 0
  3234 27.1595 0 0
  3235 27.1679 0 0
  3236 27.1763 0 0
  3237 27.1847 0 0
  3238 27.1931 0 0
  3239 27.2015 0 0
  3240 27.2099 0 0
  3241 27.2183 0 0
  3242 27.2267 0 0
  3243 27.2351 0 0
  3244 27.2435 0 0
  3245 27.2519 0 0
  3246 27.2603 0 0
  3247 27.2687 0 0
  3248 27.2771 0 0
  3249 27.2855 0 0
  3250 27.2939 0 0
  3251 27.3023 0 0
  3252 27.3107 0 0
  3253 27.3191 0 0
  3254 27.3275 0 0
  3255 27.3359 0 0
  3256 27.3443 0 0
  3257 27.3527 0 0
  3258 27.3611 0 0
  3259 27.3695 0 0
  3260 27.3779 0 0
  3261 27.3863 0 0
  3262 27.3947 0 0
  3263 27.4031 0 0
  3264 27.4115 0 0
  3265 27.4199 0 0
  3266 27.4283 0 0
  3267 27.4367 0 0
  3268 27.4451 0 0
  3269 27.4535 0 0
  3270 27.4619 0 0
  3271 27.4703 0 0
  3272 27.4787 0 0
  3273 27.4871 0 0
  3274 27.4955 0 0
  3275 27.5039 0 0
  3276 27.5123 0 0
  3277 27.5207 0 0
  3278 27.5291 0 0
  3279 27.5375 0 0
  3280 27.5459 0 0
  3281 27.5543 0 0
  3282 27.5627 0 0
  3283 27.5711 0 0
  3284 27.5795 0 0
  3285 27.5879 0 0
  3286 27.5963 0 0
  3287 27.6047 0 0
  3288 27.6131 0 0
  3289 27.6215 0 0
  3290 27.6299 0 0
  3291 27.6383 0 0
  3292 27.6467 0 0
  3293 27.6551 0 0
  3294 27.6635 0 0
  3295 27.6719 0 0
  3296 27.6803 0 0
  3297 27.6887 0 0
  3298 27.6971 0 0
  3299 27.7055 0 0
  3300 27.7139 0 0
  3301 27.7223 0 0
  3302 27.7307 0 0
  3303 27.7391 0 0
  3304 27.7475 0 0
  3305 27.7559 0 0
  3306 27.7643 0 0
  3307 27.7727 0 0
  3308 27.7811 0 0
  3309 27.7895 0 0
  3310 27.7979 0 0
  3311 27.8063 0 0
  3312 27.8147 0 0
  3313 27.8231 0 0
  3314 27.8315 0 0
  3315 27.8399 0 0
  3316 27.8483 0 0
  3317 27.8567 0 0
  3318 27.8651 0 0
  3319 27.8735 0 0
  3320 27.8819 0 0
  3321 27.8902 0 0
  3322 27.8986 0 0
  3323 27.907 0 0
  3324 27.9154 0 0
  3325 27.9238 0 0
  3326 27.9322 0 0
  3327 27.9406 0 0
  3328 27.949 0 0
  3329 27.9574 0 0
  3330 27.9658 0 0
  3331 27.9742 0 0
  3332 27.9826 0 0
  3333 27.991 0 0
  3334 27.9994 0 0
  3335 28.0078 0 0
  3336 28.0162 0 0
  3337 28.0246 0 0
  3338 28.033 0 0
  3339 28.0414 0 0
  3340 28.0498 0 0
  3341 28.0582 0 0
  3342 28.0666 0 0
  3343 28.075 0 0
  3344 28.0834 0 0
  3345 28.0918 0 0
  3346 28.1002 0 0
  3347 28.1086 0 0
  3348 28.117 0 0
  3349 28.1254 0 0
  3350 28.1338 0 0
  3351 28.1422 0 0
  3352 28.1506 0 0
  3353 28.159 0 0
  3354 28.1674 0 0
  3355 28.1758 0 0
  3356 28.1842 0 0
  3357 28.1926 0 0
  3358 28.201 0 0
  3359 28.2094 0 0
  3360 28.2178 0 0
  3361 28.2262 0 0
  3362 28.2346 0 0
  3363 28.243 0 0
  3364 28.2514 0 0
  3365 28.2598 0 0
  3366 28.2682 0 0
  3367 28.2766 0 0
  3368 28.285 0 0
  3369 28.2934 0 0
  3370 28.3018 0 0
  3371 28.3102 0 0
  3372 28.3186 0 0
  3373 28.327 0 0
  3374 28.3354 0 0
  3375 28.3438 0 0
  3376 28.3522 0 0
  3377 28.3606 0 0
  3378 28.369 0 0
  3379 28.3774 0 0
  3380 28.3858 0 0
  3381 28.3942 0 0
  3382 28.4026 0 0
  3383 28.411 0 0
  3384 28.4194 0 0
  3385 28.4278 0 0
  3386 28.4362 0 0
  3387 28.4446 0 0
  3388 28.453 0 0
  3389 28.4614 0 0
  3390 28.4698 0 0
  3391 28.4782 0 0
  3392 28.4866 0 0
  3393 28.495 0 0
  3394 28.5034 0 0
  3395 28.5118 0 0
  3396 28.5202 0 0
  3397 28.5286 0 0
  3398 28.537 0 0
  3399 28.5454 0 0
  3400 28.5538 0 0
  3401 28.5622 0 0
  3402 28.5706 0 0
  3403 28.579 0 0
  3404 28.5874 0 0
  3405 28.5958 0 0
  3406 28.6042 0 0
  3407 28.6126 0 0
  3408 28.621 0 0
  3409 28.6294 0 0
  3410 28.6378 0 0
  3411 28.6462 0 0
  3412 28.6546 0 0
  3413 28.663 0 0
  3414 28.6714 0 0
  3415 28.6798 0 0
  3416 28.6882 0 0
  3417 28.6966 0 0
  3418 28.705 0 0
  3419 28.7134 0 0
  3420 28.7218 0 0
  3421 28.7302 0 0
  3422 28.7386 0 0
  3423 28.747 0 0
  3424 28.7554 0 0
  3425 28.7638 0 0
  3426 28.7722 0 0
  3427 28.7806 0 0
  3428 28.789 0 0
  3429 28.7974 0 0
  3430 28.8058 0 0
  3431 28.8142 0 0
  3432 28.8226 0 0
  3433 28.831 0 0
  3434 28.8394 0 0
  3435 28.8478 0 0
  3436 28.8562 0 0
  3437 28.8646 0 0
  3438 28.873 0 0
  3439 28.8814 0 0
  3440 28.8898 0 0
  3441 28.8982 0 0
  3442 28.9066 0 0
  3443 28.915 0 0
  3444 28.9234 0 0
  3445 28.9318 0 0
  3446 28.9402 0 0
  3447 28.9486 0 0
  3448 28.957 0 0
  3449 28.9654 0 0
  3450 28.9738 0 0
  3451 28.9822 0 0
  3452 28.9906 0 0
  3453 28.999 0 0
  3454 29.0074 0 0
  3455 29.0158 0 0
  3456 29.0242 0 0
  3457 29.0326 0 0
  3458 29.041 0 0
  3459 29.0494 0 0
  3460 29.0578 0 0
  3461 29.0662 0 0
  3462 29.0746 0 0
  3463 29.083 0 0
  3464 29.0914 0 0
  3465 29.0998 0 0
  3466 29.1082 0 0
  3467 29.1166 0 0
  3468 29.125 0 0
  3469 29.1334 0 0
  3470 29.1418 0 0
  3471 29.1502 0 0
  3472 29.1586 0 0
  3473 29.167 0 0
  3474 29.1754 0 0
  3475 29.1838 0 0
  3476 29.1922 0 0
  3477 29.2006 0 0
  3478 29.209 0 0
  3479 29.2174 0 0
  3480 29.2258 0 0
  3481 29.2342 0 0
  3482 29.2426 0 0
  3483 29.251 0 0
  3484 29.2594 0 0
  3485 29.2678 0 0
  3486 29.2762 0 0
  3487 29.2846 0 0
  3488 29.293 0 0
  3489 29.3014 0 0
  3490 29.3098 0 0
  3491 29.3181 0 0
  3492 29.3265 0 0
  3493 29.3349 0 0
  3494 29.3433 0 0
  3495 29.3517 0 0
  3496 29.3601 0 0
  3497 29.3685 0 0
  3498 29.3769 0 0
  3499 29.3853 0 0
  3500 29.3937 0 0
  3501 29.4021 0 0
  3502 29.4105 0 0
  3503 29.4189 0 0
  3504 29.4273 0 0
  3505 29.4357 0 0
  3506 29.4441 0 0
  3507 29.4525 0 0
  3508 29.4609 0 0
  3509 29.4693 0 0
  3510 29.4777 0 0
  3511 29.4861 0 0
  3512 29.4945 0 0
  3513 29.5029 0 0
  3514 29.5113 0 0
  3515 29.5197 0 0
  3516 29.5281 0 0
  3517 29.5365 0 0
  3518 29.5449 0 0
  3519 29.5533 0 0
  3520 29.5617 0 0
  3521 29.5701 0 0
  3522 29.5785 0 0
  3523 29.5869 0 0
  3524 29.5953 0 0
  3525 29.6037 0 0
  3526 29.6121 0 0
  3527 29.6205 0 0
  3528 29.6289 0 0
  3529 29.6373 0 0
  3530 29.6457 0 0
  3531 29.6541 0 0
  3532 29.6625 0 0
  3533 29.6709 0 0
  3534 29.6793 0 0
  3535 29.6877 0 0
  3536 29.6961 0 0
  3537 29.7045 0 0
  3538 29.7129 0 0
  3539 29.7213 0 0
  3540 29.7297 0 0
  3541 29.7381 0 0
  3542 29.7465 0 0
  3543 29.7549 0 0
  3544 29.7633 0 0
  3545 29.7717 0 0
  3546 29.7801 0 0
  3547 29.7885 0 0
  3548 29.7969 0 0
  3549 29.8053 0 0
  3550 29.8137 0 0
  3551 29.8221 0 0
  3552 29.8305 0 0
  3553 29.8389 0 0
  3554 29.8473 0 0
  3555 29.8557 0 0
  3556 29.8641 0 0
  3557 29.8725 0 0
  3558 29.8809 0 0
  3559 29.8893 0 0
  3560 29.8977 0 0
  3561 29.9061 0 0
  3562 29.9145 0 0
  3563 29.9229 0 0
  3564 29.9313 0 0
  3565 29.9397 0 0
  3566 29.9481 0 0
  3567 29.9565 0 0
  3568 29.9649 0 0
  3569 29.9733 0 0
  3570 29.9817 0 0
  3571 29.9901 0 0
  3572 29.9985 0 0
  3573 30.0069 0 0
  3574 30.0153 0 0
  3575 30.0237 0 0
  3576 30.0321 0 0
  3577 30.0405 0 0
  3578 30.0489 0 0
  3579 30.0573 0 0
  3580 30.0657 0 0
  3581 30.0741 0 0
  3582 30.0825 0 0
  3583 30.0909 0 0
  3584 30.0993 0 0
  3585 30.1077 0 0
  3586 30.1161 0 0
  3587 30.1245 0 0
  3588 30.1329 0 0
  3589 30.1413 0 0
  3590 30.1497 0 0
  3591 30.1581 0 0
  3592 30.1665 0 0
  3593 30.1749 0 0
  3594 30.1833 0 0
  3595 30.1917 0 0
  3596 30.2001 0 0
  3597 30.2085 0 0
  3598 30.2169 0 0
  3599 30.2253 0 0
  3600 30.2337 0 0
  3601 30.2421 0 0
  3602 30.2505 0 0
  3603 30.2589 0 0
  3604 30.2673 0 0
  3605 30.2757 0 0
  3606 30.2841 0 0
  3607 30.2925 0 0
  3608 30.3009 0 0
  3609 30.3093 0 0
  3610 30.3177 0 0
  3611 30.3261 0 0
  3612 30.3345 0 0
  3613 30.3429 0 0
  3614 30.3513 0 0
  3615 30.3597 0 0
  3616 30.3681 0 0
  3617 30.3765 0 0
  3618 30.3849 0 0
  3619 30.3933 0 0
  3620 30.4017 0 0
  3621 30.4101 0 0
  3622 30.4185 0 0
  3623 30.4269 0 0
  3624 30.4353 0 0
  3625 30.4437 0 0
  3626 30.4521 0 0
  3627 30.4605 0 0
  3628 30.4689 0 0
  3629 30.4773 0 0
  3630 30.4857 0 0
  3631 30.4941 0 0
  3632 30.5025 0 0
  3633 30.5109 0 0
  3634 30.5193 0 0
  3635 30.5277 0 0
  3636 30.5361 0 0
  3637 30.5445 0 0
  3638 30.5529 0 0
  3639 30.5613 0 0
  3640 30.5697 0 0
  3641 30.5781 0 0
  3642 30.5865 0 0
  3643 30.5949 0 0
  3644 30.6033 0 0
  3645 30.6117 0 0
  3646 30.6201 0 0
  3647 30.6285 0 0
  3648 30.6369 0 0
  3649 30.6453 0 0
  3650 30.6537 0 0
  3651 30.6621 0 0
  3652 30.6705 0 0
  3653 30.6789 0 0
  3654 30.6873 0 0
  3655 30.6957 0 0
  3656 30.7041 0 0
  3657 30.7125 0 0
  3658 30.7209 0 0
  3659 30.7293 0 0
  3660 30.7377 0 0
  3661 30.746 0 0
  3662 30.7544 0 0
  3663 30.7628 0 0
  3664 30.7712 0 0
  3665 30.7796 0 0
  3666 30.788 0 0
  3667 30.7964 0 0
  3668 30.8048 0 0
  3669 30.8132 0 0
  3670 30.8216 0 0
  3671 30.83 0 0
  3672 30.8384 0 0
  3673 30.8468 0 0
  3674 30.8552 0 0
  3675 30.8636 0 0
  3676 30.872 0 0
  3677 30.8804 0 0
  3678 30.8888 0 0
  3679 30.8972 0 0
  3680 30.9056 0 0
  3681 30.914 0 0
  3682 30.9224 0 0
  3683 30.9308 0 0
  3684 30.9392 0 0
  3685 30.9476 0 0
  3686 30.956 0 0
  3687 30.9644 0 0
  3688 30.9728 0 0
  3689 30.9812 0 0
  3690 30.9896 0 0
  3691 30.998 0 0
  3692 31.0064 0 0
  3693 31.0148 0 0
  3694 31.0232 0 0
  3695 31.0316 0 0
  3696 31.04 0 0
  3697 31.0484 0 0
  3698 31.0568 0 0
  3699 31.0652 0 0
  3700 31.0736 0 0
  3701 31.082 0 0
  3702 31.0904 0 0
  3703 31.0988 0 0
  3704 31.1072 0 0
  3705 31.1156 0 0
  3706 31.124 0 0
  3707 31.1324 0 0
  3708 31.1408 0 0
  3709 31.1492 0 0
  3710 31.1576 0 0
  3711 31.166 0 0
  3712 31.1744 0 0
  3713 31.1828 0 0
  3714 31.1912 0 0
  3715 31.1996 0 0
  3716 31.208 0 0
  3717 31.2164 0 0
  3718 31.2248 0 0
  3719 31.2332 0 0
  3720 31.2416 0 0
  3721 31.25 0 0
  3722 31.2584 0 0
  3723 31.2668 0 0
  3724 31.2752 0 0
  3725 31.2836 0 0
  3726 31.292 0 0
  3727 31.3004 0 0
  3728 31.3088 0 0
  3729 31.3172 0 0
  3730 31.3256 0 0
  3731 31.334 0 0
  3732 31.3424 0 0
  3733 31.3508 0 0
  3734 31.3592 0 0
  3735 31.3676 0 0
  3736 31.376 0 0
  3737 31.3844 0 0
  3738 31.3928 0 0
  3739 31.4012 0 0
  3740 31.4096 0 0
  3741 31.418 0 0
  3742 31.4264 0 0
  3743 31.4348 0 0
  3744 31.4432 0 0
  3745 31.4516 0 0
  3746 31.46 0 0
  3747 31.4684 0 0
  3748 31.4768 0 0
  3749 31.4852 0 0
  3750 31.4936 0 0
  3751 31.502 0 0
  3752 31.5104 0 0
  3753 31.5188 0 0
  3754 31.5272 0 0
  3755 31.5356 0 0
  3756 31.544 0 0
  3757 31.5524 0 0
  3758 31.5608 0 0
  3759 31.5692 0 0
  3760 31.5776 0 0
  3761 31.586 0 0
  3762 31.5944 0 0
  3763 31.6028 0 0
  3764 31.6112 0 0
  3765 31.6196 0 0
  3766 31.628 0 0
  3767 31.6364 0 0
  3768 31.6448 0 0
  3769 31.6532 0 0
  3770 31.6616 0 0
  3771 31.67 0 0
  3772 31.6784 0 0
  3773 31.6868 0 0
  3774 31.6952 0 0
  3775 31.7036 0 0
  3776 31.712 0 0
  3777 31.7204 0 0
  3778 31.7288 0 0
  3779 31.7372 0 0
  3780 31.7456 0 0
  3781 31.754 0 0
  3782 31.7624 0 0
  3783 31.7708 0 0
  3784 31.7792 0 0
  3785 31.7876 0 0
  3786 31.796 0 0
  3787 31.8044 0 0
  3788 31.8128 0 0
  3789 31.8212 0 0
  3790 31.8296 0 0
  3791 31.838 0 0
  3792 31.8464 0 0
  3793 31.8548 0 0
  3794 31.8632 0 0
  3795 31.8716 0 0
  3796 31.88 0 0
  3797 31.8884 0 0
  3798 31.8968 0 0
  3799 31.9052 0 0
  3800 31.9136 0 0
  3801 31.922 0 0
  3802 31.9304 0 0
  3803 31.9388 0 0
  3804 31.9472 0 0
  3805 31.9556 0 0
  3806 31.964 0 0
  3807 31.9724 0 0
  3808 31.9808 0 0
  3809 31.9892 0 0
  3810 31.9976 0 0
  3811 32.006 0 0
  3812 32.0144 0 0
  3813 32.0228 0 0
  3814 32.0312 0 0
  3815 32.0396 0 0
  3816 32.048 0 0
  3817 32.0564 0 0
  3818 32.0648 0 0
  3819 32.0732 0 0
  3820 32.0816 0 0
  3821 32.09 0 0
  3822 32.0984 0 0
  3823 32.1068 0 0
  3824 32.1152 0 0
  3825 32.1236 0 0
  3826 32.132 0 0
  3827 32.1404 0 0
  3828 32.1488 0 0
  3829 32.1572 0 0
  3830 32.1656 0 0
  3831 32.174 0 0
  3832 32.1823 0 0
  3833 32.1907 0 0
  3834 32.1991 0 0
  3835 32.2075 0 0
  3836 32.2159 0 0
  3837 32.2243 0 0
  3838 32.2327 0 0
  3839 32.2411 0 0
  3840 32.2495 0 0
  3841 32.2579 0 0
  3842 32.2663 0 0
  3843 32.2747 0 0
  3844 32.2831 0 0
  3845 32.2915 0 0
  3846 32.2999 0 0
  3847 32.3083 0 0
  3848 32.3167 0 0
  3849 32.3251 0 0
  3850 32.3335 0 0
  3851 32.3419 0 0
  3852 32.3503 0 0
  3853 32.3587 0 0
  3854 32.3671 0 0
  3855 32.3755 0 0
  3856 32.3839 0 0
  3857 32.3923 0 0
  3858 32.4007 0 0
  3859 32.4091 0 0
  3860 32.4175 0 0
  3861 32.4259 0 0
  3862 32.4343 0 0
  3863 32.4427 0 0
  3864 32.4511 0 0
  3865 32.4595 0 0
  3866 32.4679 0 0
  3867 32.4763 0 0
  3868 32.4847 0 0
  3869 32.4931 0 0
  3870 32.5015 0 0
  3871 32.5099 0 0
  3872 32.5183 0 0
  3873 32.5267 0 0
  3874 32.5351 0 0
  3875 32.5435 0 0
  3876 32.5519 0 0
  3877 32.5603 0 0
  3878 32.5687 0 0
  3879 32.5771 0 0
  3880 32.5855 0 0
  3881 32.5939 0 0
  3882 32.6023 0 0
  3883 32.6107 0 0
  3884 32.6191 0 0
  3885 32.6275 0 0
  3886 32.6359 0 0
  3887 32.6443 0 0
  3888 32.6527 0 0
  3889 32.6611 0 0
  3890 32.6695 0 0
  3891 32.6779 0 0
  3892 32.6863 0 0
  3893 32.6947 0 0
  3894 32.7031 0 0
  3895 32.7115 0 0
  3896 32.7199 0 0
  3897 32.7283 0 0
  3898 32.7367 0 0
  3899 32.7451 0 0
  3900 32.7535 0 0
  3901 32.7619 0 0
  3902 32.7703 0 0
  3903 32.7787 0 0
  3904 32.7871 0 0
  3905 32.7955 0 0
  3906 32.8039 0 0
  3907 32.8123 0 0
  3908 32.8207 0 0
  3909 32.8291 0 0
  3910 32.8375 0 0
  3911 32.8459 0 0
  3912 32.8543 0 0
  3913 32.8627 0 0
  3914 32.8711 0 0
  3915 32.8795 0 0
  3916 32.8879 0 0
  3917 32.8963 0 0
  3918 32.9047 0 0
  3919 32.9131 0 0
  3920 32.9215 0 0
  3921 32.9299 0 0
  3922 32.9383 0 0
  3923 32.9467 0 0
  3924 32.9551 0 0
  3925 32.9635 0 0
  3926 32.9719 0 0
  3927 32.9803 0 0
  3928 32.9887 0 0
  3929 32.9971 0 0
  3930 33.0055 0 0
  3931 33.0139 0 0
  3932 33.0223 0 0
  3933 33.0307 0 0
  3934 33.0391 0 0
  3935 33.0475 0 0
  3936 33.0559 0 0
  3937 33.0643 0 0
  3938 33.0727 0 0
  3939 33.0811 0 0
  3940 33.0895 0 0
  3941 33.0979 0 0
  3942 33.1063 0 0
  3943 33.1147 0 0
  3944 33.1231 0 0
  3945 33.1315 0 0
  3946 33.1399 0 0
  3947 33.1483 0 0
  3948 33.1567 0 0
  3949 33.1651 0 0
  3950 33.1735 0 0
  3951 33.1819 0 0
  3952 33.1903 0 0
  3953 33.1987 0 0
  3954 33.2071 0 0
  3955 33.2155 0 0
  3956 33.2239 0 0
  3957 33.2323 0 0
  3958 33.2407 0 0
  3959 33.2491 0 0
  3960 33.2575 0 0
  3961 33.2659 0 0
  3962 33.2743 0 0
  3963 33.2827 0 0
  3964 33.2911 0 0
  3965 33.2995 0 0
  3966 33.3079 0 0
  3967 33.3163 0 0
  3968 33.3247 0 0
  3969 33.3331 0 0
  3970 33.3415 0 0
  3971 33.3499 0 0
  3972 33.3583 0 0
  3973 33.3667 0 0
  3974 33.3751 0 0
  3975 33.3835 0 0
  3976 33.3919 0 0
  3977 33.4003 0 0
  3978 33.4087 0 0
  3979 33.4171 0 0
  3980 33.4255 0 0
  3981 33.4339 0 0
  3982 33.4423 0 0
  3983 33.4507 0 0
  3984 33.4591 0 0
  3985 33.4675 0 0
  3986 33.4759 0 0
  3987 33.4843 0 0
  3988 33.4927 0 0
  3989 33.5011 0 0
  3990 33.5095 0 0
  3991 33.5179 0 0
  3992 33.5263 0 0
  3993 33.5347 0 0
  3994 33.5431 0 0
  3995 33.5515 0 0
  3996 33.5599 0 0
  3997 33.5683 0 0
  3998 33.5767 0 0
  3999 33.5851 0 0
  4000 33.5935 0 0
