# Time-averaged data for fix 2
# TimeStep Number-of-rows
# Row c_myRDF[1] c_myRDF[2] c_myRDF[3]
1000 200
1 0.025875 0 0
2 0.077625 0 0
3 0.129375 0 0
4 0.181125 0 0
5 0.232875 0 0
6 0.284625 0 0
7 0.336375 0 0
8 0.388125 0 0
9 0.439875 0 0
10 0.491625 0 0
11 0.543375 0 0
12 0.595125 0 0
13 0.646875 0 0
14 0.698625 0 0
15 0.750375 0 0
16 0.802125 0 0
17 0.853875 0 0
18 0.905625 0 0
19 0.957375 0 0
20 1.00913 0 0
21 1.06088 0 0
22 1.11262 0 0
23 1.16437 0 0
24 1.21612 0 0
25 1.26788 0 0
26 1.31963 0 0
27 1.37137 4.05993e-05 2.66667e-06
28 1.42313 6.92318e-05 7.33333e-06
29 1.47488 9.00264e-05 1.4e-05
30 1.52662 0.000407489 4.66667e-05
31 1.57838 0.000772801 0.000113333
32 1.63012 0.00166859 0.000268667
33 1.68187 0.0031678 0.000578667
34 1.73363 0.00518017 0.00111733
35 1.78537 0.00923582 0.002134
36 1.83713 0.0192144 0.00437933
37 1.88888 0.0356681 0.00878067
38 1.94062 0.0614883 0.0167833
39 1.99238 0.101521 0.0307107
40 2.04412 0.146391 0.051862
41 2.09587 0.197528 0.0818467
42 2.14763 0.247714 0.121324
43 2.19937 0.293408 0.170311
44 2.25112 0.329404 0.227992
45 2.30288 0.372752 0.2963
46 2.35462 0.414286 0.375603
47 2.40638 0.442823 0.464158
48 2.45813 0.473285 0.562973
49 2.50988 0.506976 0.673218
50 2.56162 0.533498 0.794086
51 2.61337 0.563175 0.926918
52 2.66512 0.59452 1.07274
53 2.71688 0.617629 1.23016
54 2.76863 0.649214 1.40205
55 2.82037 0.681459 1.58937
56 2.87212 0.720034 1.79466
57 2.92387 0.766923 2.02123
58 2.97563 0.816921 2.27123
59 3.02738 0.875121 2.54845
60 3.07913 0.928352 2.85258
61 3.13087 0.979558 3.18437
62 3.18262 1.02646 3.54364
63 3.23438 1.06554 3.92882
64 3.28613 1.09909 4.33892
65 3.33788 1.12588 4.77221
66 3.38962 1.1505 5.22877
67 3.44137 1.16972 5.70716
68 3.49312 1.17052 6.20034
69 3.54488 1.18229 6.71333
70 3.59663 1.19133 7.24559
71 3.64838 1.19481 7.79495
72 3.70012 1.19823 8.36164
73 3.75187 1.20547 8.94782
74 3.80363 1.20146 9.54831
75 3.85538 1.20038 10.1645
76 3.90713 1.19692 10.7956
77 3.95887 1.18849 11.4389
78 4.01062 1.17909 12.0937
79 4.06237 1.17611 12.7639
80 4.11413 1.16478 13.4445
81 4.16588 1.14923 14.1332
82 4.21763 1.13596 14.8309
83 4.26937 1.12039 15.5358
84 4.32112 1.10661 16.2489
85 4.37288 1.08944 16.9679
86 4.42463 1.07911 17.6971
87 4.47638 1.06061 18.4306
88 4.52812 1.05055 19.174
89 4.57987 1.03711 19.9247
90 4.63162 1.0197 20.6797
91 4.68337 1.00725 21.442
92 4.73513 0.996746 22.2133
93 4.78687 0.983315 22.9909
94 4.83863 0.973963 23.7778
95 4.89037 0.971421 24.5795
96 4.94212 0.9666 25.3942
97 4.99388 0.961535 26.2216
98 5.04563 0.959364 27.0646
99 5.09738 0.950181 27.9163
100 5.14912 0.946424 28.7819
101 5.20088 0.944448 29.6634
102 5.25263 0.943548 30.5618
103 5.30437 0.945503 31.4796
104 5.35612 0.943494 32.4136
105 5.40787 0.940528 33.3627
106 5.45963 0.942474 34.3318
107 5.51138 0.944876 35.3221
108 5.56312 0.945517 36.3318
109 5.61488 0.949753 37.365
110 5.66662 0.948406 38.4157
111 5.71838 0.95194 39.4899
112 5.77013 0.957594 40.59
113 5.82187 0.964445 41.7179
114 5.87363 0.966069 42.868
115 5.92537 0.969018 44.0422
116 5.97713 0.970146 45.2384
117 6.02887 0.97446 46.4609
118 6.08062 0.978727 47.71
119 6.13238 0.982502 48.9856
120 6.18412 0.985833 50.287
121 6.23588 0.990142 51.6161
122 6.28762 0.988599 52.9652
123 6.33937 0.993109 54.3428
124 6.39113 0.997858 55.7499
125 6.44287 1.00169 57.1856
126 6.49463 1.00393 58.6479
127 6.54637 1.00545 60.1357
128 6.59813 1.01186 61.6566
129 6.64988 1.01543 63.207
130 6.70162 1.01681 64.7837
131 6.75338 1.01996 66.3897
132 6.80512 1.01829 68.0181
133 6.85688 1.01889 69.6724
134 6.90863 1.01809 71.3503
135 6.96037 1.01677 73.0511
136 7.01213 1.01872 74.7806
137 7.06387 1.01797 76.5345
138 7.11563 1.01727 78.3129
139 7.16737 1.01527 80.1139
140 7.21912 1.01609 81.9424
141 7.27088 1.01559 83.7962
142 7.32262 1.01177 85.6694
143 7.37438 1.01274 87.5711
144 7.42612 1.01234 89.4987
145 7.47787 1.01003 91.4487
146 7.52963 1.01029 93.4263
147 7.58137 1.01113 95.4326
148 7.63313 1.00968 97.4632
149 7.68487 1.00899 99.5203
150 7.73662 1.00562 101.598
151 7.78838 1.00221 103.697
152 7.84012 0.999711 105.818
153 7.89188 0.999479 107.967
154 7.94362 1.00038 110.145
155 7.99538 0.998284 112.348
156 8.04713 0.996523 114.575
157 8.09887 0.997698 116.834
158 8.15063 0.994367 119.114
159 8.20237 0.994982 121.425
160 8.25413 0.992608 123.759
161 8.30588 0.993061 126.124
162 8.35762 0.994952 128.522
163 8.40938 0.994691 130.95
164 8.46112 0.993875 133.406
165 8.51288 0.992286 135.888
166 8.56463 0.9939 138.404
167 8.61637 0.991797 140.945
168 8.66813 0.991301 143.516
169 8.71987 0.991072 146.117
170 8.77163 0.992129 148.751
171 8.82337 0.993942 151.422
172 8.87512 0.996739 154.132
173 8.92688 0.996493 156.873
174 8.97862 0.996223 159.646
175 9.03038 0.998816 162.457
176 9.08213 0.999161 165.302
177 9.13388 0.999698 168.181
178 9.18563 1.00009 171.093
179 9.23737 1.00041 174.04
180 9.28912 0.998301 177.013
181 9.34087 0.99953 180.024
182 9.39263 0.998589 183.064
183 9.44437 0.998559 186.139
184 9.49612 0.998742 189.248
185 9.54788 0.999015 192.392
186 9.59963 1.00015 195.573
187 9.65138 0.999882 198.788
188 9.70312 1.00133 202.043
189 9.75487 1.00252 205.336
190 9.80662 1.00607 208.675
191 9.85837 1.0055 212.048
192 9.91013 1.00414 215.452
193 9.96188 1.00538 218.895
194 10.0136 1.00657 222.379
195 10.0654 1.00421 225.891
196 10.1171 1.00339 229.436
197 10.1689 1.00368 233.018
198 10.2206 1.00319 236.636
199 10.2724 1.00247 240.287
200 10.3241 1.0018 243.973
