# Time-averaged data for fix 2
# TimeStep Number-of-rows
# Row c_myRDF[1] c_myRDF[2] c_myRDF[3]
1000 200
1 0.025875 0 0
2 0.077625 0 0
3 0.129375 0 0
4 0.181125 0 0
5 0.232875 0 0
6 0.284625 0 0
7 0.336375 0 0
8 0.388125 0 0
9 0.439875 0 0
10 0.491625 0 0
11 0.543375 0 0
12 0.595125 0 0
13 0.646875 0 0
14 0.698625 0 0
15 0.750375 0 0
16 0.802125 0 0
17 0.853875 0 0
18 0.905625 0 0
19 0.957375 0 0
20 1.00913 0 0
21 1.06088 0 0
22 1.11262 0 0
23 1.16437 0 0
24 1.21612 0 0
25 1.26788 0 0
26 1.31963 0 0
27 1.37137 0 0
28 1.42313 0 0
29 1.47488 0 0
30 1.52662 0 0
31 1.57838 0 0
32 1.63012 1.24706e-05 1.33333e-06
33 1.68187 3.51452e-05 5.33333e-06
34 1.73363 0.000297104 4.13333e-05
35 1.78537 0.00117208 0.000192
36 1.83713 0.00446866 0.0008
37 1.88888 0.017404 0.00330333
38 1.94062 0.0460722 0.010298
39 1.99238 0.1025 0.0267007
40 2.04412 0.172521 0.05576
41 2.09587 0.262104 0.102172
42 2.14763 0.344166 0.166162
43 2.19937 0.406734 0.245471
44 2.25112 0.451776 0.337757
45 2.30288 0.483835 0.441189
46 2.35462 0.513479 0.555945
47 2.40638 0.533121 0.680386
48 2.45813 0.55128 0.814659
49 2.50988 0.574533 0.960545
50 2.56162 0.591046 1.11688
51 2.61337 0.612755 1.28557
52 2.66512 0.624825 1.46446
53 2.71688 0.649195 1.65763
54 2.76863 0.670584 1.86482
55 2.82037 0.686461 2.08493
56 2.87212 0.716775 2.32327
57 2.92387 0.745387 2.58014
58 2.97563 0.795156 2.86394
59 3.02738 0.860062 3.18168
60 3.07913 0.927595 3.53618
61 3.13087 0.991353 3.92789
62 3.18262 1.05206 4.35744
63 3.23438 1.09372 4.81864
64 3.28613 1.11892 5.30569
65 3.33788 1.15294 5.82348
66 3.38962 1.17238 6.36644
67 3.44137 1.18214 6.93078
68 3.49312 1.19767 7.51985
69 3.54488 1.2095 8.1325
70 3.59663 1.2149 8.76599
71 3.64838 1.2282 9.42497
72 3.70012 1.22706 10.1021
73 3.75187 1.22967 10.7999
74 3.80363 1.23063 11.5175
75 3.85538 1.23004 12.2545
76 3.90713 1.2186 13.0044
77 3.95887 1.21062 13.7692
78 4.01062 1.19844 14.5463
79 4.06237 1.18685 15.3358
80 4.11413 1.17017 16.1341
81 4.16588 1.15001 16.9386
82 4.21763 1.13279 17.7509
83 4.26937 1.1162 18.571
84 4.32112 1.09489 19.395
85 4.37288 1.07551 20.224
86 4.42463 1.05796 21.0589
87 4.47638 1.03776 21.8971
88 4.52812 1.0231 22.7427
89 4.57987 1.01113 23.5976
90 4.63162 0.998261 24.4608
91 4.68337 0.987405 25.3338
92 4.73513 0.974658 26.2147
93 4.78687 0.963546 27.1047
94 4.83863 0.961719 28.0123
95 4.89037 0.951735 28.9297
96 4.94212 0.945104 29.8602
97 4.99388 0.940899 30.8061
98 5.04563 0.938386 31.769
99 5.09738 0.939902 32.7534
100 5.14912 0.945039 33.7634
101 5.20088 0.942196 34.7907
102 5.25263 0.941536 35.8378
103 5.30437 0.938037 36.9017
104 5.35612 0.939945 37.9886
105 5.40787 0.945063 39.1027
106 5.45963 0.946838 40.2403
107 5.51138 0.950048 41.4036
108 5.56312 0.955028 42.595
109 5.61488 0.954518 43.808
110 5.66662 0.957313 45.0471
111 5.71838 0.959564 46.3118
112 5.77013 0.963592 47.605
113 5.82187 0.966056 48.9249
114 5.87363 0.971274 50.2756
115 5.92537 0.975566 51.6563
116 5.97713 0.980951 53.0689
117 6.02887 0.982904 54.509
118 6.08062 0.984979 55.977
119 6.13238 0.987928 57.4745
120 6.18412 0.990437 59.0013
121 6.23588 0.992528 60.5571
122 6.28762 1.00071 62.1518
123 6.33937 1.00409 63.7783
124 6.39113 1.0053 65.4335
125 6.44287 1.00837 67.1208
126 6.49463 1.01115 68.8399
127 6.54637 1.01124 70.5868
128 6.59813 1.01566 72.3691
129 6.64988 1.01559 74.1794
130 6.70162 1.0151 76.0171
131 6.75338 1.01486 77.8828
132 6.80512 1.01858 79.7842
133 6.85688 1.01631 81.7102
134 6.90863 1.01798 83.6687
135 6.96037 1.01845 85.6576
136 7.01213 1.01915 87.6775
137 7.06387 1.01552 89.72
138 7.11563 1.01598 91.7935
139 7.16737 1.01559 93.8965
140 7.21912 1.01366 96.0259
141 7.27088 1.01443 98.1876
142 7.32262 1.01346 100.378
143 7.37438 1.01291 102.598
144 7.42612 1.01069 104.845
145 7.47787 1.00739 107.116
146 7.52963 1.00624 109.415
147 7.58137 1.00881 111.753
148 7.63313 1.00646 114.116
149 7.68487 1.00301 116.504
150 7.73662 1.00111 118.919
151 7.78838 1.00115 121.367
152 7.84012 1.0014 123.848
153 7.89188 1.00104 126.361
154 7.94362 0.998292 128.901
155 7.99538 0.997336 131.471
156 8.04713 1.0004 134.082
157 8.09887 0.996839 136.717
158 8.15063 0.993845 139.379
159 8.20237 0.995162 142.077
160 8.25413 0.997964 144.818
161 8.30588 0.997852 147.593
162 8.35762 0.999076 150.406
163 8.40938 0.998364 153.252
164 8.46112 0.995589 156.125
165 8.51288 0.996087 159.034
166 8.56463 0.995561 161.978
167 8.61637 0.999241 164.968
168 8.66813 1.00044 167.998
169 8.71987 0.996798 171.054
170 8.77163 0.997834 174.148
171 8.82337 0.998002 177.28
172 8.87512 0.999286 180.453
173 8.92688 0.998325 183.66
174 8.97862 0.998791 186.905
175 9.03038 0.995095 190.176
176 9.08213 0.996352 193.489
177 9.13388 0.997596 196.844
178 9.18563 0.999341 200.242
179 9.23737 0.998696 203.677
180 9.28912 0.998601 207.151
181 9.34087 1.00068 210.67
182 9.39263 1.00137 214.231
183 9.44437 1.0012 217.831
184 9.49612 1.00033 221.467
185 9.54788 1.00211 225.149
186 9.59963 1.003 228.875
187 9.65138 1.00365 232.643
188 9.70312 1.00207 236.446
189 9.75487 1.00279 240.293
190 9.80662 1.00082 244.172
191 9.85837 0.999271 248.087
192 9.91013 1.00095 252.049
193 9.96188 1.00033 256.051
194 10.0136 1.00081 260.096
195 10.0654 1.00172 264.187
196 10.1171 1.00194 268.32
197 10.1689 1.00149 272.495
198 10.2206 1.00314 276.719
199 10.2724 1.00187 280.98
200 10.3241 1.00045 285.278
