# Time-averaged data for fix 2
# TimeStep Number-of-rows
# Row c_myRDF[1] c_myRDF[2] c_myRDF[3]
1000 200
1 0.025875 0 0
2 0.077625 0 0
3 0.129375 0 0
4 0.181125 0 0
5 0.232875 0 0
6 0.284625 0 0
7 0.336375 0 0
8 0.388125 0 0
9 0.439875 0 0
10 0.491625 0 0
11 0.543375 0 0
12 0.595125 0 0
13 0.646875 0 0
14 0.698625 0 0
15 0.750375 0 0
16 0.802125 0 0
17 0.853875 0 0
18 0.905625 0 0
19 0.957375 0 0
20 1.00913 0 0
21 1.06088 0 0
22 1.11262 0 0
23 1.16437 0 0
24 1.21612 0 0
25 1.26788 0 0
26 1.31963 0 0
27 1.37137 0 0
28 1.42313 0 0
29 1.47488 0 0
30 1.52662 6.22636e-05 5.33333e-06
31 1.57838 0.000224035 2.6e-05
32 1.63012 0.000430717 6.73333e-05
33 1.68187 0.00114681 0.000183333
34 1.73363 0.00257467 0.000459333
35 1.78537 0.00563311 0.00109667
36 1.83713 0.0110119 0.00242
37 1.88888 0.0267096 0.00581067
38 1.94062 0.0530638 0.0129327
39 1.99238 0.0940004 0.0262373
40 2.04412 0.143079 0.0475433
41 2.09587 0.201884 0.079114
42 2.14763 0.255085 0.121028
43 2.19937 0.304988 0.173601
44 2.25112 0.349668 0.236741
45 2.30288 0.390847 0.310573
46 2.35462 0.429836 0.395507
47 2.40638 0.463271 0.491126
48 2.45813 0.493207 0.59738
49 2.50988 0.519937 0.714127
50 2.56162 0.555854 0.844121
51 2.61337 0.579302 0.985148
52 2.66512 0.607927 1.13905
53 2.71688 0.631196 1.30507
54 2.76863 0.657597 1.48472
55 2.82037 0.681199 1.67791
56 2.87212 0.710192 1.88679
57 2.92387 0.755585 2.11708
58 2.97563 0.813827 2.37393
59 3.02738 0.875696 2.66004
60 3.07913 0.935204 2.97613
61 3.13087 0.985039 3.32041
62 3.18262 1.03508 3.6942
63 3.23438 1.07267 4.09428
64 3.28613 1.10919 4.52121
65 3.33788 1.14438 4.97573
66 3.38962 1.1614 5.45147
67 3.44137 1.17576 5.94783
68 3.49312 1.18923 6.46503
69 3.54488 1.19882 7.00187
70 3.59663 1.20833 7.55881
71 3.64838 1.20678 8.13117
72 3.70012 1.20659 8.71985
73 3.75187 1.21274 9.32812
74 3.80363 1.20577 9.94982
75 3.85538 1.20962 10.5906
76 3.90713 1.20322 11.2451
77 3.95887 1.20409 11.9175
78 4.01062 1.19227 12.6011
79 4.06237 1.18359 13.2972
80 4.11413 1.16855 14.0021
81 4.16588 1.15714 14.7178
82 4.21763 1.13949 15.4401
83 4.26937 1.12381 16.17
84 4.32112 1.10744 16.9069
85 4.37288 1.09439 17.6526
86 4.42463 1.07608 18.4032
87 4.47638 1.05793 19.1585
88 4.52812 1.04991 19.9255
89 4.57987 1.02935 20.6947
90 4.63162 1.01493 21.4705
91 4.68337 1.0056 22.2564
92 4.73513 0.991194 23.0483
93 4.78687 0.978782 23.8475
94 4.83863 0.969308 24.6561
95 4.89037 0.961167 25.4754
96 4.94212 0.954768 26.3065
97 4.99388 0.952814 27.1535
98 5.04563 0.950005 28.0154
99 5.09738 0.951435 28.8963
100 5.14912 0.943813 29.788
101 5.20088 0.943907 30.6976
102 5.25263 0.942726 31.6241
103 5.30437 0.942108 32.5683
104 5.35612 0.941321 33.5305
105 5.40787 0.942542 34.5126
106 5.45963 0.946054 35.517
107 5.51138 0.950878 36.546
108 5.56312 0.952395 37.596
109 5.61488 0.952763 38.6661
110 5.66662 0.953199 39.7565
111 5.71838 0.959055 40.874
112 5.77013 0.961871 42.0149
113 5.82187 0.962197 43.1767
114 5.87363 0.966967 44.3652
115 5.92537 0.972275 45.5814
116 5.97713 0.975127 46.8224
117 6.02887 0.98011 48.0913
118 6.08062 0.982366 49.3852
119 6.13238 0.985093 50.7049
120 6.18412 0.990848 52.0549
121 6.23588 0.996292 53.4351
122 6.28762 0.996683 54.8389
123 6.33937 0.998583 56.2688
124 6.39113 1.0037 57.7295
125 6.44287 1.00736 59.2192
126 6.49463 1.0096 60.7363
127 6.54637 1.01184 62.2812
128 6.59813 1.01369 63.8538
129 6.64988 1.01596 65.4546
130 6.70162 1.01304 67.0756
131 6.75338 1.01459 68.7241
132 6.80512 1.01727 70.4023
133 6.85688 1.01585 72.1038
134 6.90863 1.01645 73.8325
135 6.96037 1.01596 75.5863
136 7.01213 1.01932 77.3724
137 7.06387 1.0194 79.1852
138 7.11563 1.01458 81.0159
139 7.16737 1.01643 82.8767
140 7.21912 1.01484 84.7613
141 7.27088 1.0135 86.6705
142 7.32262 1.01448 88.609
143 7.37438 1.01411 90.5741
144 7.42612 1.0134 92.5655
145 7.47787 1.01231 94.5825
146 7.52963 1.01032 96.6234
147 7.58137 1.0063 98.6843
148 7.63313 1.0061 100.773
149 7.68487 1.00207 102.882
150 7.73662 1.00074 105.016
151 7.78838 1.00108 107.18
152 7.84012 1.00054 109.372
153 7.89188 0.99739 111.586
154 7.94362 0.994319 113.822
155 7.99538 0.995311 116.089
156 8.04713 0.995175 118.385
157 8.09887 0.996666 120.715
158 8.15063 0.99593 123.073
159 8.20237 0.994675 125.457
160 8.25413 0.992154 127.866
161 8.30588 0.99228 130.305
162 8.35762 0.991406 132.773
163 8.40938 0.993175 135.275
164 8.46112 0.995427 137.815
165 8.51288 0.995059 140.384
166 8.56463 0.992671 142.979
167 8.61637 0.991688 145.603
168 8.66813 0.992848 148.261
169 8.71987 0.993476 150.953
170 8.77163 0.99507 153.682
171 8.82337 0.996344 156.446
172 8.87512 0.997293 159.245
173 8.92688 0.997087 162.077
174 8.97862 0.999503 164.948
175 9.03038 0.997981 167.848
176 9.08213 0.997838 170.781
177 9.13388 0.997986 173.748
178 9.18563 0.998908 176.751
179 9.23737 0.997955 179.786
180 9.28912 0.999779 182.859
181 9.34087 0.999967 185.968
182 9.39263 1.00062 189.114
183 9.44437 1.00206 192.299
184 9.49612 1.00197 195.518
185 9.54788 1.00149 198.771
186 9.59963 1.00038 202.056
187 9.65138 0.999581 205.374
188 9.70312 1.00013 208.729
189 9.75487 1.00193 212.126
190 9.80662 1.001 215.556
191 9.85837 1.00182 219.025
192 9.91013 1.00228 222.532
193 9.96188 1.00247 226.077
194 10.0136 1.00211 229.657
195 10.0654 1.00265 233.277
196 10.1171 1.00393 236.938
197 10.1689 1.0024 240.631
198 10.2206 1.00181 244.36
199 10.2724 1.00246 248.129
200 10.3241 1.00096 251.93
