# Time-averaged data for fix 2
# TimeStep Number-of-rows
# Row c_myRDF[1] c_myRDF[2] c_myRDF[3]
1000 200
1 0.025875 0 0
2 0.077625 0 0
3 0.129375 0 0
4 0.181125 0 0
5 0.232875 0 0
6 0.284625 0 0
7 0.336375 0 0
8 0.388125 0 0
9 0.439875 0 0
10 0.491625 0 0
11 0.543375 0 0
12 0.595125 0 0
13 0.646875 0 0
14 0.698625 0 0
15 0.750375 0 0
16 0.802125 0 0
17 0.853875 0 0
18 0.905625 0 0
19 0.957375 0 0
20 1.00913 0 0
21 1.06088 0 0
22 1.11262 0 0
23 1.16437 0 0
24 1.21612 0 0
25 1.26788 0 0
26 1.31963 0 0
27 1.37137 0 0
28 1.42313 0 0
29 1.47488 0 0
30 1.52662 0 0
31 1.57838 7.72527e-05 7.33333e-06
32 1.63012 0.000394721 4.53333e-05
33 1.68187 0.00085896 0.000132667
34 1.73363 0.00198737 0.000346667
35 1.78537 0.00410267 0.000818667
36 1.83713 0.0116485 0.002234
37 1.88888 0.0269975 0.00571
38 1.94062 0.0543293 0.0130787
39 1.99238 0.0975374 0.0270327
40 2.04412 0.149602 0.0496147
41 2.09587 0.213793 0.0835613
42 2.14763 0.27207 0.128912
43 2.19937 0.330376 0.186635
44 2.25112 0.381645 0.256501
45 2.30288 0.421172 0.337164
46 2.35462 0.455314 0.428298
47 2.40638 0.486059 0.529949
48 2.45813 0.514501 0.642284
49 2.50988 0.53497 0.764039
50 2.56162 0.560391 0.896919
51 2.61337 0.583678 1.04096
52 2.66512 0.603497 1.19589
53 2.71688 0.636102 1.36556
54 2.76863 0.663212 1.5493
55 2.82037 0.686388 1.74657
56 2.87212 0.719643 1.96106
57 2.92387 0.763971 2.19706
58 2.97563 0.807191 2.45533
59 3.02738 0.870321 2.74356
60 3.07913 0.939351 3.06538
61 3.13087 0.99806 3.41888
62 3.18262 1.04916 3.80286
63 3.23438 1.08389 4.21257
64 3.28613 1.12098 4.65001
65 3.33788 1.14164 5.10961
66 3.38962 1.16077 5.59151
67 3.44137 1.17522 6.09462
68 3.49312 1.18133 6.61551
69 3.54488 1.19246 7.157
70 3.59663 1.20163 7.71873
71 3.64838 1.20548 8.29848
72 3.70012 1.21876 8.9013
73 3.75187 1.21066 9.51701
74 3.80363 1.21276 10.151
75 3.85538 1.20562 10.7984
76 3.90713 1.20365 11.4622
77 3.95887 1.19518 12.1388
78 4.01062 1.1812 12.8252
79 4.06237 1.16555 13.5201
80 4.11413 1.15751 14.2279
81 4.16588 1.14002 14.9426
82 4.21763 1.12556 15.6659
83 4.26937 1.11187 16.3979
84 4.32112 1.09649 17.1374
85 4.37288 1.07759 17.8817
86 4.42463 1.05997 18.6313
87 4.47638 1.04162 19.3851
88 4.52812 1.02309 20.1429
89 4.57987 1.0169 20.9131
90 4.63162 1.00326 21.6904
91 4.68337 0.994136 22.478
92 4.73513 0.985081 23.2757
93 4.78687 0.977179 24.0843
94 4.83863 0.96684 24.902
95 4.89037 0.956794 25.7286
96 4.94212 0.956036 26.5721
97 4.99388 0.94867 27.4268
98 5.04563 0.945522 28.2964
99 5.09738 0.944134 29.1825
100 5.14912 0.943824 30.0865
101 5.20088 0.942991 31.008
102 5.25263 0.939948 31.9449
103 5.30437 0.937531 32.8979
104 5.35612 0.938234 33.8703
105 5.40787 0.941298 34.8648
106 5.45963 0.946247 35.8838
107 5.51138 0.949516 36.9258
108 5.56312 0.956034 37.9947
109 5.61488 0.95699 39.0848
110 5.66662 0.957501 40.1955
111 5.71838 0.962811 41.3329
112 5.77013 0.967023 42.4961
113 5.82187 0.969035 43.6828
114 5.87363 0.972355 44.8948
115 5.92537 0.976586 46.1335
116 5.97713 0.9794 47.3977
117 6.02887 0.98262 48.6882
118 6.08062 0.986594 50.0062
119 6.13238 0.987923 51.3483
120 6.18412 0.992544 52.7197
121 6.23588 0.996266 54.1194
122 6.28762 1.00025 55.5481
123 6.33937 1.00268 57.0038
124 6.39113 1.00727 58.4901
125 6.44287 1.00943 60.0039
126 6.49463 1.0115 61.5452
127 6.54637 1.01252 63.1129
128 6.59813 1.01564 64.7103
129 6.64988 1.01845 66.3376
130 6.70162 1.02066 67.9935
131 6.75338 1.01937 69.673
132 6.80512 1.01806 71.3762
133 6.85688 1.01957 73.1079
134 6.90863 1.02064 74.8679
135 6.96037 1.02087 76.6544
136 7.01213 1.01774 78.4621
137 7.06387 1.01646 80.2942
138 7.11563 1.01627 82.1531
139 7.16737 1.01436 84.0354
140 7.21912 1.01334 85.9432
141 7.27088 1.01191 87.8758
142 7.32262 1.01197 89.8361
143 7.37438 1.01176 91.8238
144 7.42612 1.01095 93.8378
145 7.47787 1.0059 95.8696
146 7.52963 1.00574 97.9294
147 7.58137 1.00421 100.015
148 7.63313 1.00473 102.129
149 7.68487 1.00268 104.268
150 7.73662 1.00174 106.434
151 7.78838 1.00049 108.627
152 7.84012 0.998623 110.844
153 7.89188 0.999354 113.092
154 7.94362 1.00156 115.375
155 7.99538 0.998157 117.68
156 8.04713 0.997022 120.012
157 8.09887 0.996849 122.374
158 8.15063 0.995056 124.762
159 8.20237 0.996309 127.183
160 8.25413 0.994923 129.632
161 8.30588 0.995501 132.112
162 8.35762 0.996344 134.626
163 8.40938 0.994791 137.167
164 8.46112 0.995185 139.741
165 8.51288 0.993186 142.341
166 8.56463 0.994196 144.975
167 8.61637 0.993907 147.641
168 8.66813 0.99515 150.342
169 8.71987 0.993396 153.071
170 8.77163 0.993116 155.831
171 8.82337 0.994247 158.627
172 8.87512 0.996538 161.463
173 8.92688 0.996696 164.333
174 8.97862 0.996243 167.234
175 9.03038 0.994694 170.164
176 9.08213 0.998092 173.138
177 9.13388 0.997017 176.143
178 9.18563 0.99865 179.187
179 9.23737 0.999626 182.268
180 9.28912 0.998908 185.381
181 9.34087 0.999203 188.53
182 9.39263 0.99943 191.715
183 9.44437 0.998014 194.931
184 9.49612 0.997953 198.181
185 9.54788 1.00002 201.474
186 9.59963 1.00034 204.804
187 9.65138 0.997827 208.162
188 9.70312 1.00072 211.566
189 9.75487 1.00078 215.006
190 9.80662 1.00318 218.491
191 9.85837 1.00485 222.019
192 9.91013 1.00283 225.577
193 9.96188 1.00126 229.167
194 10.0136 1.00254 232.798
195 10.0654 1.00232 236.466
196 10.1171 1.00142 240.169
197 10.1689 1.00129 243.909
198 10.2206 1.00143 247.688
199 10.2724 1.00031 251.501
200 10.3241 0.999739 255.351
