# Time-averaged data for fix 2
# TimeStep Number-of-rows
# Row c_myRDF[1] c_myRDF[2] c_myRDF[3]
1000 200
1 0.025875 0 0
2 0.077625 0 0
3 0.129375 0 0
4 0.181125 0 0
5 0.232875 0 0
6 0.284625 0 0
7 0.336375 0 0
8 0.388125 0 0
9 0.439875 0 0
10 0.491625 0 0
11 0.543375 0 0
12 0.595125 0 0
13 0.646875 0 0
14 0.698625 0 0
15 0.750375 0 0
16 0.802125 0 0
17 0.853875 0 0
18 0.905625 4.46574e-05 1.33333e-06
19 0.957375 8.28425e-05 4e-06
20 1.00913 0.000111029 8e-06
21 1.06088 0.000271244 1.86667e-05
22 1.11262 0.000661108 4.66667e-05
23 1.16437 0.00160052 0.000122
24 1.21612 0.00284152 0.00027
25 1.26788 0.00421341 0.00051
26 1.31963 0.00613916 0.000887333
27 1.37137 0.00944338 0.00151533
28 1.42313 0.0131505 0.002454
29 1.47488 0.0176402 0.00381733
30 1.52662 0.0236722 0.005782
31 1.57838 0.0313497 0.00856733
32 1.63012 0.0407039 0.012428
33 1.68187 0.0539166 0.017878
34 1.73363 0.0662731 0.0250147
35 1.78537 0.0845779 0.0346767
36 1.83713 0.109024 0.0478853
37 1.88888 0.137014 0.0654733
38 1.94062 0.165462 0.0879367
39 1.99238 0.19772 0.116242
40 2.04412 0.233333 0.151407
41 2.09587 0.271032 0.194393
42 2.14763 0.301273 0.244568
43 2.19937 0.335693 0.303213
44 2.25112 0.373034 0.371545
45 2.30288 0.408429 0.449824
46 2.35462 0.44217 0.538458
47 2.40638 0.472775 0.637443
48 2.45813 0.501216 0.74697
49 2.50988 0.533838 0.868609
50 2.56162 0.567827 1.00334
51 2.61337 0.6002 1.15157
52 2.66512 0.633029 1.31419
53 2.71688 0.672394 1.49361
54 2.76863 0.716725 1.69223
55 2.82037 0.760489 1.91087
56 2.87212 0.807068 2.15151
57 2.92387 0.856893 2.41641
58 2.97563 0.89959 2.70437
59 3.02738 0.948245 3.0186
60 3.07913 0.982032 3.35534
61 3.13087 1.0145 3.71501
62 3.18262 1.04232 4.09687
63 3.23438 1.06626 4.5004
64 3.28613 1.08162 4.9229
65 3.33788 1.09764 5.36517
66 3.38962 1.1082 5.8257
67 3.44137 1.11885 6.30497
68 3.49312 1.13146 6.80427
69 3.54488 1.13727 7.32108
70 3.59663 1.1454 7.85701
71 3.64838 1.14817 8.40973
72 3.70012 1.15285 8.98038
73 3.75187 1.15625 9.56874
74 3.80363 1.15428 10.1725
75 3.85538 1.15336 10.7922
76 3.90713 1.15321 11.4287
77 3.95887 1.14167 12.0755
78 4.01062 1.13815 12.7372
79 4.06237 1.1303 13.4114
80 4.11413 1.12048 14.0966
81 4.16588 1.11183 14.7938
82 4.21763 1.10236 15.5022
83 4.26937 1.089 16.2193
84 4.32112 1.07896 16.947
85 4.37288 1.0707 17.6866
86 4.42463 1.05776 18.4346
87 4.47638 1.04686 19.1923
88 4.52812 1.0335 19.9575
89 4.57987 1.02761 20.7357
90 4.63162 1.01804 21.524
91 4.68337 1.01016 22.3238
92 4.73513 1.00289 23.1356
93 4.78687 0.994261 23.9581
94 4.83863 0.990023 24.7949
95 4.89037 0.984085 25.6445
96 4.94212 0.978452 26.5074
97 4.99388 0.975179 27.3856
98 5.04563 0.971771 28.2788
99 5.09738 0.968175 29.187
100 5.14912 0.965632 30.1113
101 5.20088 0.966266 31.0549
102 5.25263 0.962513 32.0137
103 5.30437 0.960159 32.989
104 5.35612 0.960615 33.9839
105 5.40787 0.956427 34.9939
106 5.45963 0.956028 36.0229
107 5.51138 0.960774 37.0767
108 5.56312 0.962155 38.1517
109 5.61488 0.962794 39.2477
110 5.66662 0.964159 40.3657
111 5.71838 0.966395 41.507
112 5.77013 0.969293 42.6726
113 5.82187 0.971335 43.8618
114 5.87363 0.975626 45.0775
115 5.92537 0.977197 46.3168
116 5.97713 0.980515 47.5823
117 6.02887 0.983718 48.874
118 6.08062 0.984486 50.1889
119 6.13238 0.987915 51.5309
120 6.18412 0.988991 52.8971
121 6.23588 0.990154 54.288
122 6.28762 0.992103 55.7047
123 6.33937 0.996337 57.151
124 6.39113 0.997924 58.6236
125 6.44287 0.999949 60.1233
126 6.49463 1.00196 61.6501
127 6.54637 1.00493 63.2061
128 6.59813 1.00657 64.7895
129 6.64988 1.00749 66.3993
130 6.70162 1.00849 68.0359
131 6.75338 1.01081 69.7016
132 6.80512 1.01143 71.3939
133 6.85688 1.01157 73.1121
134 6.90863 1.01133 74.8561
135 6.96037 1.01271 76.6288
136 7.01213 1.01165 78.4261
137 7.06387 1.0122 80.2509
138 7.11563 1.01324 82.1044
139 7.16737 1.01178 83.9823
140 7.21912 1.01122 85.8864
141 7.27088 1.01189 87.8192
142 7.32262 1.01032 89.7765
143 7.37438 1.00804 91.757
144 7.42612 1.00699 93.7631
145 7.47787 1.00858 95.8007
146 7.52963 1.00799 97.8656
147 7.58137 1.00614 99.9548
148 7.63313 1.00544 102.071
149 7.68487 1.00471 104.214
150 7.73662 1.00428 106.386
151 7.78838 1.00411 108.586
152 7.84012 1.00106 110.808
153 7.89188 0.999915 113.058
154 7.94362 1.00182 115.341
155 7.99538 1.00012 117.65
156 8.04713 0.99986 119.988
157 8.09887 1.00015 122.358
158 8.15063 1.0002 124.757
159 8.20237 0.998784 127.184
160 8.25413 0.99805 129.639
161 8.30588 0.996126 132.121
162 8.35762 0.996298 134.634
163 8.40938 0.997857 137.183
164 8.46112 0.99711 139.761
165 8.51288 0.997979 142.373
166 8.56463 0.996127 145.011
167 8.61637 0.995985 147.682
168 8.66813 0.995104 150.382
169 8.71987 0.995686 153.116
170 8.77163 0.996791 155.886
171 8.82337 0.998091 158.691
172 8.87512 0.99755 161.529
173 8.92688 0.996733 164.397
174 8.97862 0.99869 167.304
175 9.03038 0.99742 170.241
176 9.08213 0.99778 173.213
177 9.13388 0.997097 176.217
178 9.18563 0.996414 179.253
179 9.23737 0.99686 182.325
180 9.28912 0.996773 185.431
181 9.34087 0.996658 188.572
182 9.39263 0.996442 191.746
183 9.44437 0.998332 194.962
184 9.49612 0.998722 198.215
185 9.54788 1.00059 201.509
186 9.59963 0.999574 204.835
187 9.65138 0.999802 208.199
188 9.70312 0.999836 211.599
189 9.75487 1.00013 215.036
190 9.80662 1.00069 218.512
191 9.85837 1.00033 222.024
192 9.91013 1.0005 225.573
193 9.96188 1.00039 229.159
194 10.0136 0.999534 232.78
195 10.0654 0.998499 236.434
196 10.1171 0.999216 240.129
197 10.1689 0.998293 243.858
198 10.2206 0.998974 247.628
199 10.2724 0.999222 251.436
200 10.3241 1.00042 255.288
